601
1 6020
34630 1170
42910 1076
44052 1000
48229 787
48637 683
49202 646
49324 611
49404 601
49405 599
49406 591
49408 590
49409 589
49410 588
49411 587
49412 586
49413 585
49414 584
49415 583
49416 582
49417 581
49418 580
49419 579
49420 578
49421 577
49422 576
49423 575
49424 574
49425 573
49426 572
49427 571
49428 570
49429 569
49430 568
49431 567
49432 566
49433 565
49434 564
49435 563
49436 562
49437 561
49438 560
49439 559
49440 558
49441 557
49442 556
49443 555
49444 554
49445 553
49446 552
49447 551
49448 550
49449 549
49450 548
49451 547
49452 546
49453 545
49454 544
49455 543
49456 542
49457 541
49458 540
49459 539
49460 538
49461 537
49462 536
49463 535
49464 534
49465 533
49466 532
49467 531
49468 530
49469 529
49470 528
49471 527
49472 526
49473 525
49474 524
49475 523
49476 522
49477 521
49478 520
49479 519
49480 518
49481 517
49482 516
49483 515
49484 514
49485 513
49486 512
49487 511
49488 510
49489 509
49490 508
49491 507
49492 506
49493 505
49494 504
49495 503
49496 502
49497 501
49498 500
49499 499
49500 498
49501 497
49502 496
49503 495
49504 494
49505 493
49506 492
49507 491
49508 490
49509 489
49510 488
49511 487
49512 486
49513 485
49514 484
49515 483
49516 482
49517 481
49518 480
49519 479
49520 478
49521 477
49522 476
49523 475
49524 474
49525 473
49526 472
49527 471
49528 470
49529 469
49530 468
49531 467
49532 466
49533 465
49534 464
49535 463
49536 462
49537 461
49538 460
49539 459
49540 458
49541 457
49542 456
49543 455
49544 454
49545 453
49546 452
49547 451
49548 450
49549 449
49550 448
49551 447
49552 446
49553 445
49554 444
49555 443
49556 442
49557 441
49558 440
49559 439
49560 438
49561 437
49562 436
49563 435
49564 434
49565 433
49566 432
49567 431
49568 430
49569 429
49570 428
49571 427
49572 426
49573 425
49574 424
49575 423
49576 422
49577 421
49578 420
49579 419
49580 418
49581 417
49582 416
49583 415
49584 414
49585 413
49586 412
49587 411
49588 410
49589 409
49590 408
49591 407
49592 406
49593 405
49594 404
49595 403
49596 402
49597 401
49598 400
49599 399
49600 398
49601 397
49602 396
49603 395
49604 394
49605 393
49606 392
49607 391
49608 390
49609 389
49610 388
49611 387
49612 386
49613 385
49614 384
49615 383
49616 382
49617 381
49618 380
49619 379
49620 378
49621 377
49622 376
49623 375
49624 374
49625 373
49626 372
49627 371
49628 370
49629 369
49630 368
49631 367
49632 366
49633 365
49634 364
49635 363
49636 362
49637 361
49638 360
49639 359
49640 358
49641 357
49642 356
49643 355
49644 354
49645 353
49646 352
49647 351
49648 350
49649 349
49650 348
49651 347
49652 346
49653 345
49654 344
49655 343
49656 342
49657 341
49658 340
49659 339
49660 338
49661 337
49662 336
49663 335
49664 334
49665 333
49666 332
49667 331
49668 330
49669 329
49670 328
49671 327
49672 326
49673 325
49674 324
49675 323
49676 322
49677 321
49678 320
49679 319
49680 318
49681 317
49682 316
49683 315
49684 314
49685 313
49686 312
49687 311
49688 310
49689 309
49690 308
49691 307
49692 306
49693 305
49694 304
49695 303
49696 302
49697 301
49698 300
49699 299
49700 298
49701 297
49702 296
49703 295
49704 294
49705 293
49706 292
49707 291
49708 290
49709 289
49710 288
49711 287
49712 286
49713 285
49714 284
49715 283
49716 282
49717 281
49718 280
49719 279
49720 278
49721 277
49722 276
49723 275
49724 274
49725 273
49726 272
49727 271
49728 270
49729 269
49730 268
49731 267
49732 266
49733 265
49734 264
49735 263
49736 262
49737 261
49738 260
49739 259
49740 258
49741 257
49742 256
49743 255
49744 254
49745 253
49746 252
49747 251
49748 250
49749 249
49750 248
49751 247
49752 246
49753 245
49754 244
49755 243
49756 242
49757 241
49758 240
49759 239
49760 238
49761 237
49762 236
49763 235
49764 234
49765 233
49766 232
49767 231
49768 230
49769 229
49770 228
49771 227
49772 226
49773 225
49774 224
49775 223
49776 222
49777 221
49778 220
49779 219
49780 218
49781 217
49782 216
49783 215
49784 214
49785 213
49786 212
49787 211
49788 210
49789 209
49790 208
49791 207
49792 206
49793 205
49794 204
49795 203
49796 202
49797 201
49798 200
49799 199
49800 198
49801 197
49802 196
49803 195
49804 194
49805 193
49806 192
49807 191
49808 190
49809 189
49810 188
49811 187
49812 186
49813 185
49814 184
49815 183
49816 182
49817 181
49818 180
49819 179
49820 178
49821 177
49822 176
49823 175
49824 174
49825 173
49826 172
49827 171
49828 170
49829 169
49830 168
49831 167
49832 166
49833 165
49834 164
49835 163
49836 162
49837 161
49838 160
49839 159
49840 158
49841 157
49842 156
49843 155
49844 154
49845 153
49846 152
49847 151
49848 150
49849 149
49850 148
49851 147
49852 146
49853 145
49854 144
49855 143
49856 142
49857 141
49858 140
49859 139
49860 138
49861 137
49862 136
49863 135
49864 134
49865 133
49866 132
49867 131
49868 130
49869 129
49870 128
49871 127
49872 126
49873 125
49874 124
49875 123
49876 122
49877 121
49878 120
49879 119
49880 118
49881 117
49882 116
49883 115
49884 114
49885 113
49886 112
49887 111
49888 110
49889 109
49890 108
49891 107
49892 106
49893 105
49894 104
49895 103
49896 102
49897 101
49898 100
49899 99
49900 98
49901 97
49902 96
49903 95
49904 94
49905 93
49906 92
49907 91
49908 90
49909 89
49910 88
49911 87
49912 86
49913 85
49914 84
49915 83
49916 82
49917 81
49918 80
49919 79
49920 78
49921 77
49922 76
49923 75
49924 74
49925 73
49926 72
49927 71
49928 70
49929 69
49930 68
49931 67
49932 66
49933 65
49934 64
49935 63
49936 62
49937 61
49938 60
49939 59
49940 58
49941 57
49942 56
49943 55
49944 54
49945 53
49946 52
49947 51
49948 50
49949 49
49950 48
49951 47
49952 46
49953 45
49954 44
49955 43
49956 42
49957 41
49958 40
49959 39
49960 38
49961 37
49962 36
49963 35
49964 34
49965 33
49966 32
49967 31
49968 30
49969 29
49970 28
49971 27
49972 26
49973 25
49974 24
49975 23
49976 22
49977 21
49978 20
49979 19
49980 18
49981 17
49982 16
49983 15
49984 14
49985 13
49986 12
49987 11
49988 10
49989 9
49990 8
49991 7
49992 6
49993 5
49994 4
49995 3
49996 2
49997 0
