76
1 35952
24953 25319
27378 23710
46789 5777
48574 2634
49648 2625
49817 432
49898 330
49918 208
49926 165
49931 147
49933 99
49934 83
49935 65
49936 62
49937 61
49938 60
49939 59
49940 58
49941 57
49942 56
49943 55
49944 54
49945 53
49946 52
49947 51
49948 50
49949 49
49950 48
49951 47
49952 46
49953 45
49954 44
49955 43
49956 42
49957 41
49958 40
49959 39
49960 38
49961 37
49962 36
49963 35
49964 34
49965 33
49966 32
49967 31
49968 30
49969 29
49970 28
49971 27
49972 26
49973 25
49974 24
49975 23
49976 22
49977 21
49978 20
49979 19
49980 18
49981 17
49982 16
49983 15
49984 14
49985 13
49986 12
49987 11
49988 10
49989 9
49990 8
49991 7
49992 6
49993 5
49994 4
49995 3
49996 2
49997 0
