6000
1 11989
2 11985
5 11984
6 11970
11 11965
15 11962
19 11955
21 11953
26 11951
29 11944
34 11942
39 11941
42 11936
43 11932
48 11931
52 11926
53 11923
57 11922
59 11913
64 11909
66 11907
70 11892
74 11890
77 11888
78 11878
79 11875
84 11874
85 11864
90 11862
91 11861
92 11854
94 11851
98 11849
101 11840
104 11838
108 11836
110 11829
114 11824
117 11823
120 11811
123 11809
126 11808
130 11802
134 11800
136 11799
140 11788
142 11785
143 11782
148 11773
150 11771
152 11770
155 11755
157 11753
158 11750
163 11743
167 11739
172 11736
173 11728
178 11723
179 11722
181 11712
186 11708
188 11706
190 11698
195 11696
198 11695
203 11685
207 11681
209 11679
210 11674
215 11669
217 11666
221 11658
222 11654
224 11653
227 11646
232 11641
233 11640
236 11627
240 11624
244 11621
245 11612
248 11608
253 11605
254 11597
257 11592
259 11590
263 11581
266 11577
271 11576
276 11570
280 11568
284 11567
288 11561
293 11559
296 11558
298 11551
300 11547
301 11544
302 11529
303 11527
308 11525
309 11516
313 11512
314 11509
316 11499
320 11496
321 11494
324 11483
327 11481
328 11480
333 11471
337 11466
342 11465
347 11454
351 11451
354 11449
359 11442
363 11439
365 11438
366 11428
367 11423
369 11421
373 11411
374 11406
375 11404
377 11389
379 11384
381 11383
385 11368
390 11363
394 11361
398 11356
403 11353
408 11352
411 11340
414 11338
415 11337
417 11331
422 11326
426 11323
431 11312
433 11308
435 11307
436 11300
437 11295
439 11293
440 11282
443 11277
444 11275
447 11269
448 11266
451 11263
453 11257
458 11252
460 11250
463 11245
466 11243
467 11240
469 11230
474 11227
478 11226
482 11219
484 11215
488 11214
490 11206
494 11204
497 11203
501 11190
502 11187
506 11184
509 11173
513 11171
518 11169
520 11161
525 11158
528 11157
532 11149
534 11144
537 11141
542 11136
546 11133
550 11131
551 11116
554 11112
558 11110
559 11096
560 11093
565 11092
567 11078
569 11075
573 11073
574 11065
579 11062
584 11059
589 11052
590 11047
592 11044
597 11031
599 11027
604 11026
609 11014
612 11012
616 11011
620 10997
625 10995
627 10994
630 10988
634 10983
635 10980
639 10975
642 10972
645 10971
647 10963
650 10960
655 10958
660 10947
662 10942
666 10941
671 10928
676 10926
681 10925
684 10910
688 10906
691 10904
694 10892
697 10887
702 10886
707 10876
709 10872
714 10871
718 10858
721 10854
722 10851
725 10845
730 10841
734 10838
736 10824
739 10822
742 10821
743 10809
746 10806
747 10804
748 10797
753 10793
758 10792
759 10787
762 10782
764 10781
767 10770
772 10766
777 10764
778 10759
781 10755
785 10754
789 10746
791 10742
796 10739
798 10732
799 10727
802 10726
805 10715
807 10712
809 10709
811 10699
816 10694
819 10693
823 10680
824 10678
828 10677
833 10664
838 10660
842 10658
846 10648
850 10643
855 10642
856 10628
861 10624
866 10621
867 10610
869 10606
874 10603
877 10593
878 10591
880 10590
885 10580
888 10578
892 10577
893 10572
897 10568
900 10565
905 10556
909 10553
912 10551
913 10544
917 10539
919 10536
922 10523
924 10520
927 10519
929 10512
930 10510
934 10508
936 10503
937 10500
941 10498
943 10483
944 10480
946 10477
947 10468
951 10464
955 10463
959 10450
963 10447
968 10445
970 10430
975 10425
979 10424
984 10418
987 10416
990 10414
991 10408
993 10406
995 10405
999 10399
1001 10397
1002 10394
1007 10387
1012 10383
1017 10380
1020 10373
1023 10368
1026 10366
1031 10356
1034 10353
1039 10350
1040 10339
1043 10337
1044 10335
1048 10324
1050 10319
1055 10318
1056 10303
1059 10300
1064 10298
1068 10285
1072 10280
1076 10279
1081 10268
1084 10265
1087 10262
1088 10256
1090 10253
1093 10252
1095 10247
1098 10245
1101 10243
1105 10229
1107 10227
1108 10225
1109 10219
1111 10214
1116 10212
1121 10200
1126 10198
1131 10197
1133 10188
1134 10183
1135 10182
1139 10171
1143 10168
1147 10167
1150 10157
1155 10154
1156 10152
1160 10145
1161 10141
1165 10138
1169 10123
1170 10118
1173 10115
1174 10105
1179 10101
1182 10100
1183 10094
1187 10091
1190 10089
1193 10082
1196 10078
1198 10077
1202 10071
1206 10068
1210 10066
1213 10051
1214 10048
1218 10045
1219 10037
1223 10034
1225 10033
1229 10028
1232 10025
1237 10023
1240 10016
1243 10013
1247 10012
1248 10000
1249 9998
1253 9996
1257 9989
1259 9985
1262 9983
1263 9971
1267 9969
1270 9967
1274 9952
1278 9947
1280 9945
1282 9935
1287 9933
1288 9930
1291 9924
1293 9921
1294 9919
1299 9905
1304 9900
1307 9897
1308 9884
1309 9879
1312 9877
1316 9865
1317 9862
1322 9860
1324 9845
1327 9840
1330 9837
1335 9825
1338 9820
1339 9818
1343 9811
1345 9809
1348 9808
1351 9799
1356 9794
1361 9793
1364 9788
1369 9783
1371 9781
1375 9772
1379 9768
1383 9766
1388 9755
1389 9753
1392 9750
1395 9745
1397 9743
1400 9741
1403 9727
1408 9725
1413 9722
1416 9712
1420 9708
1422 9707
1424 9696
1426 9691
1431 9688
1432 9681
1434 9678
1436 9677
1437 9662
1439 9659
1444 9656
1447 9648
1450 9645
1454 9642
1458 9636
1459 9633
1461 9632
1462 9621
1464 9617
1466 9614
1471 9605
1474 9603
1479 9601
1484 9586
1485 9581
1488 9579
1491 9565
1494 9561
1498 9560
1501 9549
1505 9546
1509 9543
1510 9534
1515 9530
1519 9528
1522 9515
1526 9511
1531 9510
1536 9495
1538 9490
1543 9487
1546 9478
1549 9473
1553 9472
1557 9457
1561 9455
1563 9452
1564 9439
1566 9434
1568 9431
1569 9423
1571 9421
1575 9419
1576 9412
1579 9407
1581 9405
1583 9397
1585 9394
1589 9393
1592 9388
1593 9383
1597 9380
1599 9365
1603 9360
1605 9359
1609 9344
1613 9340
1614 9337
1616 9331
1620 9328
1621 9326
1624 9320
1628 9316
1629 9314
1631 9304
1633 9299
1635 9297
1638 9290
1642 9286
1644 9285
1649 9277
1650 9274
1653 9273
1656 9268
1661 9264
1663 9263
1664 9249
1669 9247
1672 9244
1677 9237
1680 9232
1684 9229
1685 9214
1689 9211
1691 9209
1695 9199
1700 9196
1705 9193
1710 9183
1713 9179
1714 9177
1716 9167
1721 9164
1723 9163
1725 9156
1726 9151
1727 9148
1728 9138
1733 9133
1737 9132
1740 9122
1743 9117
1748 9116
1752 9110
1756 9107
1758 9105
1763 9090
1767 9086
1769 9085
1771 9071
1772 9066
1777 9064
1782 9051
1784 9047
1787 9044
1792 9035
1793 9032
1796 9030
1798 9017
1802 9013
1807 9012
1809 9006
1810 9003
1815 9002
1816 8994
1821 8990
1822 8987
1823 8973
1827 8971
1831 8968
1833 8963
1837 8960
1838 8958
1840 8947
1842 8944
1846 8943
1851 8930
1852 8927
1853 8925
1854 8912
1857 8907
1862 8904
1867 8899
1872 8897
1873 8894
1874 8884
1878 8882
1883 8881
1884 8874
1888 8872
1889 8871
1893 8857
1897 8854
1899 8852
1900 8843
1901 8840
1902 8837
1906 8830
1907 8826
1909 8824
1910 8809
1912 8807
1913 8806
1917 8800
1922 8795
1925 8793
1928 8779
1933 8776
1935 8775
1937 8760
1940 8756
1943 8754
1945 8743
1947 8739
1949 8736
1950 8724
1954 8720
1956 8719
1960 8711
1965 8708
1968 8706
1969 8692
1973 8689
1976 8687
1980 8679
1984 8674
1988 8673
1991 8658
1996 8655
1997 8652
1998 8640
2002 8638
2007 8635
2009 8624
2011 8619
2013 8616
2017 8608
2018 8603
2022 8601
2024 8588
2029 8585
2034 8584
2037 8577
2040 8572
2041 8571
2043 8565
2044 8562
2045 8560
2048 8551
2050 8547
2055 8544
2056 8529
2060 8524
2063 8522
2067 8517
2068 8514
2069 8511
2073 8498
2077 8495
2082 8492
2087 8487
2091 8483
2095 8480
2096 8468
2100 8464
2101 8462
2106 8455
2107 8452
2111 8451
2114 8442
2118 8437
2120 8434
2123 8422
2126 8419
2130 8418
2131 8407
2132 8405
2135 8403
2138 8392
2140 8390
2141 8387
2145 8382
2148 8380
2152 8378
2156 8370
2160 8366
2162 8364
2167 8355
2170 8352
2171 8351
2173 8340
2176 8336
2178 8334
2183 8319
2184 8316
2187 8313
2190 8306
2193 8304
2194 8301
2198 8295
2201 8293
2202 8291
2203 8282
2205 8278
2210 8276
2214 8271
2217 8267
2221 8264
2223 8258
2228 8256
2229 8254
2232 8239
2234 8235
2239 8234
2243 8229
2248 8227
2251 8224
2255 8211
2260 8206
2264 8205
2268 8196
2270 8192
2271 8189
2275 8183
2277 8178
2282 8177
2283 8167
2287 8163
2292 8161
2294 8152
2298 8147
2303 8146
2304 8133
2309 8130
2312 8129
2315 8123
2320 8118
2322 8117
2323 8110
2324 8107
2328 8106
2332 8094
2335 8090
2338 8087
2339 8076
2342 8073
2343 8070
2344 8057
2349 8052
2354 8051
2355 8045
2356 8041
2360 8039
2363 8027
2367 8022
2371 8019
2375 8011
2378 8008
2382 8007
2386 7993
2389 7989
2392 7988
2395 7982
2398 7977
2400 7975
2403 7966
2407 7963
2410 7961
2414 7948
2416 7944
2418 7943
2419 7929
2423 7924
2425 7923
2426 7910
2431 7905
2432 7902
2435 7887
2437 7884
2438 7882
2443 7873
2448 7870
2450 7869
2453 7861
2458 7857
2459 7856
2460 7841
2461 7838
2463 7835
2468 7820
2472 7818
2477 7815
2479 7800
2481 7798
2486 7795
2489 7788
2494 7783
2496 7782
2500 7770
2503 7767
2507 7765
2510 7755
2511 7750
2515 7747
2518 7740
2523 7737
2526 7736
2530 7721
2534 7719
2537 7717
2538 7707
2543 7705
2546 7702
2550 7694
2555 7691
2558 7689
2563 7680
2564 7678
2568 7677
2573 7663
2576 7658
2581 7657
2582 7648
2584 7645
2589 7643
2592 7632
2594 7629
2596 7626
2598 7615
2599 7610
2602 7609
2607 7599
2609 7596
2613 7595
2617 7584
2619 7582
2621 7581
2622 7566
2625 7561
2630 7559
2635 7550
2636 7546
2637 7545
2642 7534
2643 7529
2645 7528
2646 7517
2650 7513
2655 7512
2659 7499
2660 7497
2665 7495
2666 7482
2667 7480
2670 7477
2673 7463
2674 7461
2678 7458
2681 7449
2684 7444
2686 7443
2691 7431
2696 7427
2699 7424
2703 7409
2705 7404
2707 7401
2712 7386
2713 7381
2716 7380
2717 7374
2721 7370
2724 7367
2725 7356
2726 7354
2729 7353
2730 7339
2735 7337
2737 7336
2741 7327
2743 7322
2746 7320
2747 7313
2752 7309
2757 7307
2758 7295
2762 7290
2764 7289
2767 7276
2768 7271
2771 7270
2774 7259
2778 7256
2783 7253
2787 7241
2789 7238
2792 7236
2794 7225
2798 7223
2802 7220
2804 7210
2809 7206
2812 7203
2813 7198
2815 7195
2816 7193
2818 7188
2821 7183
2822 7181
2825 7172
2830 7168
2834 7165
2839 7151
2844 7146
2849 7143
2852 7130
2855 7125
2859 7122
2861 7114
2866 7109
2868 7106
2873 7100
2876 7097
2877 7096
2882 7085
2883 7080
2884 7077
2887 7066
2890 7064
2894 7062
2896 7052
2900 7047
2901 7045
2905 7033
2910 7030
2913 7027
2915 7016
2916 7012
2918 7010
2922 7002
2924 6998
2927 6995
2929 6987
2932 6983
2935 6982
2939 6976
2942 6971
2946 6969
2947 6959
2951 6957
2954 6955
2958 6949
2961 6947
2964 6946
2967 6933
2970 6930
2971 6928
2972 6919
2975 6917
2976 6915
2978 6910
2979 6908
2980 6905
2983 6892
2985 6888
2987 6885
2990 6873
2993 6868
2998 6866
3000 6858
3003 6853
3006 6852
3011 6837
3012 6834
3015 6833
3020 6825
3022 6820
3027 6817
3028 6810
3030 6806
3032 6803
3036 6793
3039 6788
3041 6785
3043 6770
3048 6765
3053 6762
3056 6757
3060 6752
3065 6750
3069 6737
3074 6735
3078 6733
3079 6722
3081 6719
3085 6717
3088 6706
3089 6703
3094 6702
3099 6695
3103 6691
3105 6688
3106 6673
3110 6671
3112 6670
3113 6657
3114 6653
3115 6651
3118 6643
3121 6639
3122 6638
3123 6630
3126 6627
3128 6626
3129 6614
3130 6612
3131 6609
3134 6603
3135 6601
3139 6598
3144 6583
3149 6581
3150 6578
3151 6563
3156 6559
3158 6557
3161 6551
3162 6546
3167 6543
3170 6534
3171 6532
3176 6529
3180 6524
3183 6522
3188 6519
3193 6508
3196 6503
3199 6500
3202 6492
3206 6489
3211 6488
3214 6479
3215 6474
3219 6473
3221 6464
3222 6459
3223 6458
3228 6445
3230 6442
3234 6439
3236 6424
3240 6420
3245 6419
3248 6408
3250 6405
3251 6404
3256 6394
3258 6389
3259 6388
3262 6380
3265 6378
3270 6377
3275 6368
3278 6366
3279 6365
3282 6360
3286 6357
3290 6354
3295 6340
3299 6338
3301 6337
3303 6326
3304 6321
3309 6318
3313 6312
3318 6308
3321 6306
3323 6299
3326 6294
3329 6291
3332 6281
3333 6278
3335 6276
3339 6271
3344 6267
3346 6265
3347 6253
3349 6248
3352 6247
3353 6233
3357 6229
3360 6228
3362 6220
3365 6218
3369 6215
3374 6209
3377 6204
3379 6202
3381 6196
3384 6194
3386 6192
3389 6187
3390 6182
3395 6181
3396 6167
3400 6163
3403 6161
3405 6151
3406 6146
3410 6145
3411 6135
3412 6132
3414 6131
3418 6121
3421 6118
3424 6115
3429 6104
3433 6099
3436 6097
3438 6086
3440 6084
3441 6082
3446 6070
3451 6067
3452 6065
3454 6052
3456 6050
3459 6048
3460 6039
3463 6036
3466 6033
3471 6023
3475 6021
3477 6019
3481 6010
3486 6006
3491 6003
3493 5996
3495 5992
3500 5989
3501 5976
3504 5973
3509 5972
3513 5962
3516 5958
3521 5957
3522 5946
3523 5941
3525 5940
3529 5934
3533 5931
3535 5928
3538 5922
3541 5919
3544 5916
3545 5903
3547 5901
3551 5898
3553 5892
3557 5890
3559 5887
3560 5879
3565 5874
3566 5871
3569 5857
3571 5855
3575 5853
3577 5846
3579 5842
3584 5839
3587 5824
3591 5820
3594 5818
3599 5813
3600 5810
3601 5808
3605 5798
3609 5795
3613 5792
3614 5782
3617 5779
3619 5776
3622 5765
3624 5763
3628 5761
3629 5752
3632 5748
3634 5747
3637 5740
3638 5736
3643 5735
3646 5720
3651 5715
3653 5714
3656 5709
3657 5705
3662 5703
3667 5693
3670 5690
3674 5687
3675 5677
3678 5674
3680 5671
3684 5662
3686 5658
3691 5657
3693 5645
3695 5640
3697 5638
3701 5627
3704 5624
3709 5622
3710 5615
3712 5612
3716 5610
3717 5604
3719 5601
3722 5598
3727 5587
3729 5582
3731 5580
3734 5567
3738 5562
3741 5559
3746 5544
3750 5540
3753 5537
3756 5524
3760 5522
3763 5520
3766 5510
3771 5508
3775 5506
3776 5496
3779 5493
3783 5490
3785 5478
3788 5475
3792 5472
3794 5462
3799 5459
3804 5457
3807 5445
3811 5443
3816 5440
3819 5426
3820 5422
3825 5421
3830 5413
3835 5411
3839 5408
3840 5395
3845 5391
3849 5389
3853 5378
3858 5374
3862 5372
3863 5363
3864 5358
3866 5355
3867 5343
3869 5338
3870 5335
3874 5326
3876 5323
3880 5321
3882 5314
3885 5311
3890 5310
3893 5299
3896 5295
3898 5292
3900 5277
3902 5275
3906 5272
3909 5265
3911 5263
3915 5261
3917 5254
3921 5250
3926 5249
3928 5241
3929 5238
3931 5237
3934 5227
3938 5225
3941 5222
3944 5213
3945 5210
3949 5207
3954 5192
3955 5188
3957 5185
3958 5179
3960 5176
3961 5174
3966 5159
3969 5155
3974 5154
3975 5144
3977 5140
3982 5137
3987 5126
3989 5123
3994 5121
3998 5111
4000 5107
4005 5106
4009 5093
4013 5088
4017 5085
4021 5074
4025 5069
4026 5068
4027 5054
4032 5049
4035 5047
4036 5042
4037 5040
4041 5037
4044 5027
4048 5022
4052 5019
4053 5012
4055 5009
4056 5008
4057 4997
4059 4994
4064 4992
4069 4979
4073 4975
4078 4973
4081 4967
4086 4962
4091 4959
4093 4953
4096 4951
4100 4950
4102 4944
4105 4939
4109 4938
4110 4933
4114 4929
4116 4928
4119 4920
4124 4918
4127 4915
4130 4902
4131 4899
4135 4897
4140 4892
4145 4890
4149 4889
4154 4877
4155 4872
4159 4871
4161 4859
4162 4854
4165 4853
4170 4840
4175 4836
4177 4835
4181 4821
4185 4817
4189 4815
4193 4801
4196 4799
4197 4797
4201 4784
4206 4782
4211 4781
4213 4772
4218 4770
4223 4768
4225 4756
4227 4752
4230 4749
4233 4740
4236 4736
4240 4733
4243 4718
4245 4716
4250 4713
4253 4702
4254 4698
4255 4696
4257 4690
4258 4685
4260 4682
4263 4671
4268 4668
4269 4667
4274 4660
4276 4658
4281 4657
4284 4647
4286 4645
4288 4643
4292 4637
4294 4635
4296 4634
4301 4629
4302 4625
4303 4624
4305 4618
4308 4613
4313 4612
4314 4598
4318 4594
4319 4591
4322 4582
4324 4579
4327 4576
4332 4562
4336 4557
4339 4556
4340 4553
4342 4552
4343 4551
4345 4550
4349 4549
4352 4548
4355 4547
4358 4546
4359 4545
4363 4544
4364 4543
4369 4542
4371 4541
4376 4540
4380 4539
4385 4538
4389 4537
4393 4536
4395 4535
4399 4534
4403 4533
4405 4532
4407 4531
4411 4530
4415 4529
4417 4528
4422 4527
4426 4526
4431 4525
4434 4524
4439 4523
4444 4522
4445 4521
4448 4520
4452 4519
4455 4518
4459 4517
4460 4516
4461 4515
4462 4514
4463 4513
4465 4512
4468 4511
4473 4510
4476 4509
4479 4508
4481 4507
4485 4506
4486 4505
4487 4504
4492 4503
4497 4502
4501 4501
4504 4500
4509 4499
4510 4498
4511 4497
4514 4496
4518 4495
4522 4494
4523 4493
4525 4492
4529 4491
4533 4490
4537 4489
4538 4488
4542 4487
4546 4486
4549 4485
4552 4484
4557 4483
4561 4482
4563 4481
4564 4480
4565 4479
4567 4478
4568 4477
4572 4476
4573 4475
4574 4474
4578 4473
4579 4472
4581 4471
4582 4470
4584 4469
4586 4468
4590 4467
4591 4466
4596 4465
4597 4464
4599 4463
4604 4462
4607 4461
4612 4460
4615 4459
4618 4458
4622 4457
4627 4456
4629 4455
4631 4454
4633 4453
4634 4452
4637 4451
4639 4450
4644 4449
4649 4448
4651 4447
4652 4446
4656 4445
4658 4444
4661 4443
4663 4442
4668 4441
4672 4440
4674 4439
4676 4438
4681 4437
4684 4436
4686 4435
4688 4434
4692 4433
4696 4432
4700 4431
4703 4430
4704 4429
4707 4428
4710 4427
4714 4426
4719 4425
4721 4424
4725 4423
4729 4422
4731 4421
4735 4420
4738 4419
4741 4418
4744 4417
4748 4416
4750 4415
4751 4414
4753 4413
4757 4412
4758 4411
4759 4410
4763 4409
4767 4408
4768 4407
4771 4406
4776 4405
4779 4404
4783 4403
4784 4402
4789 4401
4791 4400
4794 4399
4798 4398
4802 4397
4805 4396
4809 4395
4813 4394
4818 4393
4820 4392
4821 4391
4825 4390
4826 4389
4831 4388
4834 4387
4835 4386
4836 4385
4841 4384
4844 4383
4848 4382
4853 4381
4854 4380
4857 4379
4858 4378
4862 4377
4865 4376
4868 4375
4872 4374
4875 4373
4879 4372
4882 4371
4886 4370
4888 4369
4891 4368
4896 4367
4900 4366
4903 4365
4908 4364
4913 4363
4916 4362
4920 4361
4925 4360
4928 4359
4930 4358
4933 4357
4937 4356
4938 4355
4939 4354
4944 4353
4946 4352
4950 4351
4954 4350
4959 4349
4960 4348
4963 4347
4966 4346
4967 4345
4968 4344
4971 4343
4972 4342
4977 4341
4982 4340
4986 4339
4990 4338
4994 4337
4997 4336
5002 4335
5004 4334
5007 4333
5010 4332
5013 4331
5017 4330
5021 4329
5026 4328
5029 4327
5032 4326
5033 4325
5034 4324
5036 4323
5038 4322
5043 4321
5045 4320
5047 4319
5049 4318
5053 4317
5054 4316
5058 4315
5063 4314
5068 4313
5071 4312
5072 4311
5076 4310
5081 4309
5085 4308
5089 4307
5093 4306
5095 4305
5099 4304
5102 4303
5106 4302
5108 4301
5112 4300
5114 4299
5115 4298
5117 4297
5118 4296
5122 4295
5127 4294
5130 4293
5133 4292
5134 4291
5138 4290
5142 4289
5143 4288
5148 4287
5149 4286
5154 4285
5155 4284
5160 4283
5163 4282
5167 4281
5168 4280
5173 4279
5176 4278
5181 4277
5186 4276
5187 4275
5191 4274
5193 4273
5196 4272
5200 4271
5204 4270
5207 4269
5210 4268
5214 4267
5219 4266
5223 4265
5226 4264
5228 4263
5233 4262
5238 4261
5243 4260
5246 4259
5250 4258
5252 4257
5257 4256
5262 4255
5265 4254
5267 4253
5269 4252
5270 4251
5271 4250
5276 4249
5280 4248
5283 4247
5286 4246
5290 4245
5294 4244
5295 4243
5299 4242
5302 4241
5304 4240
5309 4239
5312 4238
5317 4237
5322 4236
5323 4235
5328 4234
5329 4233
5334 4232
5338 4231
5342 4230
5343 4229
5348 4228
5352 4227
5357 4226
5361 4225
5364 4224
5368 4223
5373 4222
5377 4221
5380 4220
5382 4219
5387 4218
5391 4217
5395 4216
5398 4215
5399 4214
5400 4213
5404 4212
5407 4211
5412 4210
5417 4209
5420 4208
5421 4207
5425 4206
5426 4205
5430 4204
5434 4203
5436 4202
5437 4201
5442 4200
5444 4199
5447 4198
5450 4197
5452 4196
5457 4195
5462 4194
5467 4193
5470 4192
5474 4191
5475 4190
5477 4189
5480 4188
5484 4187
5488 4186
5489 4185
5492 4184
5496 4183
5497 4182
5499 4181
5503 4180
5505 4179
5507 4178
5512 4177
5513 4176
5514 4175
5519 4174
5520 4173
5522 4172
5527 4171
5530 4170
5532 4169
5536 4168
5539 4167
5540 4166
5541 4165
5542 4164
5547 4163
5549 4162
5553 4161
5557 4160
5562 4159
5565 4158
5569 4157
5572 4156
5574 4155
5578 4154
5583 4153
5585 4152
5587 4151
5592 4150
5593 4149
5596 4148
5601 4147
5604 4146
5609 4145
5614 4144
5615 4143
5617 4142
5620 4141
5624 4140
5627 4139
5632 4138
5637 4137
5639 4136
5641 4135
5645 4134
5646 4133
5647 4132
5652 4131
5657 4130
5659 4129
5664 4128
5666 4127
5670 4126
5675 4125
5679 4124
5680 4123
5682 4122
5684 4121
5688 4120
5690 4119
5693 4118
5698 4117
5699 4116
5700 4115
5703 4114
5708 4113
5709 4112
5710 4111
5712 4110
5716 4109
5719 4108
5721 4107
5722 4106
5724 4105
5725 4104
5730 4103
5733 4102
5738 4101
5740 4100
5742 4099
5746 4098
5747 4097
5748 4096
5751 4095
5755 4094
5758 4093
5763 4092
5768 4091
5772 4090
5773 4089
5775 4088
5777 4087
5782 4086
5786 4085
5791 4084
5793 4083
5796 4082
5797 4081
5800 4080
5803 4079
5807 4078
5810 4077
5811 4076
5815 4075
5820 4074
5825 4073
5830 4072
5832 4071
5834 4070
5837 4069
5840 4068
5842 4067
5843 4066
5847 4065
5852 4064
5854 4063
5857 4062
5862 4061
5867 4060
5868 4059
5873 4058
5878 4057
5883 4056
5887 4055
5892 4054
5893 4053
5895 4052
5898 4051
5900 4050
5903 4049
5905 4048
5907 4047
5909 4046
5914 4045
5916 4044
5917 4043
5918 4042
5923 4041
5926 4040
5928 4039
5931 4038
5936 4037
5940 4036
5943 4035
5944 4034
5947 4033
5948 4032
5949 4031
5950 4030
5952 4029
5957 4028
5958 4027
5963 4026
5966 4025
5970 4024
5974 4023
5979 4022
5982 4021
5985 4020
5989 4019
5992 4018
5993 4017
5996 4016
5999 4015
6002 4014
6004 4013
6007 4012
6010 4011
6013 4010
6014 4009
6019 4008
6021 4007
6025 4006
6028 4005
6033 4004
6038 4003
6042 4002
6047 4001
6050 4000
6052 3999
6054 3998
6056 3997
6057 3996
6061 3995
6062 3994
6067 3993
6072 3992
6077 3991
6079 3990
6081 3989
6082 3988
6086 3987
6091 3986
6092 3985
6096 3984
6101 3983
6104 3982
6108 3981
6112 3980
6116 3979
6117 3978
6121 3977
6124 3976
6129 3975
6132 3974
6135 3973
6140 3972
6143 3971
6146 3970
6147 3969
6151 3968
6152 3967
6155 3966
6157 3965
6162 3964
6166 3963
6170 3962
6171 3961
6173 3960
6175 3959
6180 3958
6183 3957
6187 3956
6191 3955
6193 3954
6197 3953
6201 3952
6204 3951
6205 3950
6207 3949
6210 3948
6211 3947
6215 3946
6216 3945
6218 3944
6221 3943
6226 3942
6229 3941
6230 3940
6231 3939
6235 3938
6237 3937
6239 3936
6241 3935
6246 3934
6247 3933
6248 3932
6249 3931
6251 3930
6256 3929
6259 3928
6262 3927
6266 3926
6270 3925
6271 3924
6273 3923
6275 3922
6276 3921
6281 3920
6285 3919
6286 3918
6291 3917
6296 3916
6300 3915
6302 3914
6305 3913
6310 3912
6313 3911
6315 3910
6316 3909
6320 3908
6325 3907
6330 3906
6331 3905
6335 3904
6338 3903
6340 3902
6345 3901
6346 3900
6347 3899
6349 3898
6354 3897
6358 3896
6361 3895
6363 3894
6365 3893
6367 3892
6372 3891
6377 3890
6379 3889
6382 3888
6385 3887
6388 3886
6389 3885
6394 3884
6399 3883
6404 3882
6405 3881
6406 3880
6407 3879
6410 3878
6414 3877
6419 3876
6422 3875
6425 3874
6426 3873
6431 3872
6432 3871
6434 3870
6437 3869
6438 3868
6443 3867
6446 3866
6451 3865
6452 3864
6455 3863
6460 3862
6463 3861
6468 3860
6473 3859
6474 3858
6477 3857
6478 3856
6479 3855
6483 3854
6484 3853
6485 3852
6489 3851
6491 3850
6493 3849
6496 3848
6499 3847
6502 3846
6506 3845
6508 3844
6509 3843
6514 3842
6519 3841
6521 3840
6522 3839
6523 3838
6524 3837
6528 3836
6530 3835
6535 3834
6538 3833
6540 3832
6544 3831
6546 3830
6549 3829
6551 3828
6553 3827
6555 3826
6558 3825
6563 3824
6568 3823
6572 3822
6573 3821
6575 3820
6578 3819
6579 3818
6581 3817
6583 3816
6584 3815
6589 3814
6590 3813
6591 3812
6594 3811
6598 3810
6601 3809
6606 3808
6607 3807
6608 3806
6612 3805
6613 3804
6615 3803
6620 3802
6623 3801
6627 3800
6628 3799
6630 3798
6635 3797
6640 3796
6643 3795
6647 3794
6649 3793
6652 3792
6653 3791
6654 3790
6657 3789
6659 3788
6660 3787
6665 3786
6666 3785
6670 3784
6672 3783
6677 3782
6682 3781
6683 3780
6687 3779
6692 3778
6693 3777
6695 3776
6699 3775
6702 3774
6705 3773
6710 3772
6714 3771
6715 3770
6720 3769
6721 3768
6724 3767
6726 3766
6727 3765
6729 3764
6730 3763
6735 3762
6740 3761
6741 3760
6745 3759
6748 3758
6750 3757
6754 3756
6758 3755
6760 3754
6762 3753
6765 3752
6770 3751
6771 3750
6774 3749
6776 3748
6778 3747
6781 3746
6782 3745
6784 3744
6789 3743
6794 3742
6798 3741
6803 3740
6806 3739
6807 3738
6812 3737
6815 3736
6817 3735
6822 3734
6823 3733
6828 3732
6833 3731
6835 3730
6836 3729
6839 3728
6843 3727
6845 3726
6849 3725
6853 3724
6857 3723
6859 3722
6863 3721
6864 3720
6866 3719
6869 3718
6872 3717
6875 3716
6880 3715
6885 3714
6890 3713
6894 3712
6897 3711
6902 3710
6905 3709
6906 3708
6907 3707
6909 3706
6913 3705
6915 3704
6917 3703
6921 3702
6922 3701
6924 3700
6927 3699
6931 3698
6932 3697
6937 3696
6939 3695
6943 3694
6948 3693
6953 3692
6955 3691
6957 3690
6961 3689
6964 3688
6966 3687
6969 3686
6974 3685
6975 3684
6980 3683
6984 3682
6989 3681
6991 3680
6995 3679
7000 3678
7004 3677
7009 3676
7014 3675
7019 3674
7020 3673
7025 3672
7026 3671
7030 3670
7035 3669
7038 3668
7040 3667
7042 3666
7046 3665
7050 3664
7052 3663
7056 3662
7060 3661
7061 3660
7066 3659
7069 3658
7074 3657
7078 3656
7083 3655
7088 3654
7089 3653
7093 3652
7096 3651
7101 3650
7105 3649
7109 3648
7112 3647
7114 3646
7116 3645
7119 3644
7123 3643
7127 3642
7128 3641
7132 3640
7137 3639
7138 3638
7141 3637
7145 3636
7149 3635
7151 3634
7155 3633
7158 3632
7162 3631
7165 3630
7166 3629
7170 3628
7174 3627
7175 3626
7176 3625
7181 3624
7185 3623
7188 3622
7190 3621
7193 3620
7198 3619
7200 3618
7205 3617
7208 3616
7213 3615
7218 3614
7219 3613
7223 3612
7225 3611
7230 3610
7233 3609
7235 3608
7240 3607
7241 3606
7244 3605
7245 3604
7248 3603
7253 3602
7255 3601
7256 3600
7261 3599
7265 3598
7268 3597
7271 3596
7276 3595
7281 3594
7285 3593
7287 3592
7291 3591
7295 3590
7299 3589
7302 3588
7305 3587
7310 3586
7315 3585
7319 3584
7322 3583
7324 3582
7328 3581
7333 3580
7334 3579
7337 3578
7342 3577
7343 3576
7344 3575
7347 3574
7349 3573
7354 3572
7357 3571
7360 3570
7361 3569
7365 3568
7366 3567
7367 3566
7368 3565
7371 3564
7374 3563
7378 3562
7379 3561
7383 3560
7384 3559
7388 3558
7392 3557
7395 3556
7399 3555
7404 3554
7406 3553
7407 3552
7411 3551
7415 3550
7419 3549
7422 3548
7423 3547
7424 3546
7428 3545
7432 3544
7436 3543
7437 3542
7442 3541
7445 3540
7448 3539
7452 3538
7454 3537
7457 3536
7461 3535
7464 3534
7465 3533
7466 3532
7470 3531
7473 3530
7474 3529
7478 3528
7479 3527
7483 3526
7486 3525
7491 3524
7492 3523
7496 3522
7500 3521
7502 3520
7503 3519
7505 3518
7507 3517
7509 3516
7513 3515
7516 3514
7519 3513
7520 3512
7522 3511
7523 3510
7524 3509
7527 3508
7528 3507
7532 3506
7534 3505
7535 3504
7537 3503
7539 3502
7540 3501
7542 3500
7545 3499
7546 3498
7547 3497
7551 3496
7553 3495
7558 3494
7562 3493
7565 3492
7569 3491
7574 3490
7579 3489
7583 3488
7584 3487
7585 3486
7587 3485
7589 3484
7591 3483
7592 3482
7593 3481
7594 3480
7597 3479
7599 3478
7601 3477
7602 3476
7606 3475
7607 3474
7610 3473
7615 3472
7619 3471
7623 3470
7627 3469
7631 3468
7635 3467
7638 3466
7640 3465
7642 3464
7645 3463
7647 3462
7648 3461
7653 3460
7656 3459
7657 3458
7659 3457
7663 3456
7668 3455
7673 3454
7678 3453
7683 3452
7685 3451
7690 3450
7693 3449
7698 3448
7703 3447
7706 3446
7707 3445
7712 3444
7714 3443
7716 3442
7719 3441
7720 3440
7722 3439
7725 3438
7728 3437
7731 3436
7736 3435
7741 3434
7743 3433
7746 3432
7749 3431
7753 3430
7754 3429
7757 3428
7760 3427
7762 3426
7767 3425
7772 3424
7776 3423
7777 3422
7781 3421
7782 3420
7783 3419
7786 3418
7788 3417
7791 3416
7793 3415
7796 3414
7799 3413
7803 3412
7804 3411
7807 3410
7811 3409
7813 3408
7817 3407
7822 3406
7826 3405
7831 3404
7835 3403
7839 3402
7844 3401
7847 3400
7848 3399
7851 3398
7853 3397
7854 3396
7858 3395
7862 3394
7864 3393
7865 3392
7868 3391
7870 3390
7873 3389
7876 3388
7880 3387
7883 3386
7887 3385
7890 3384
7894 3383
7897 3382
7899 3381
7902 3380
7907 3379
7911 3378
7912 3377
7916 3376
7919 3375
7920 3374
7921 3373
7924 3372
7926 3371
7927 3370
7928 3369
7933 3368
7936 3367
7941 3366
7942 3365
7943 3364
7945 3363
7946 3362
7947 3361
7949 3360
7951 3359
7956 3358
7957 3357
7960 3356
7962 3355
7966 3354
7967 3353
7971 3352
7976 3351
7977 3350
7979 3349
7984 3348
7986 3347
7990 3346
7991 3345
7996 3344
8001 3343
8006 3342
8007 3341
8011 3340
8016 3339
8019 3338
8024 3337
8028 3336
8033 3335
8037 3334
8038 3333
8040 3332
8045 3331
8048 3330
8052 3329
8057 3328
8059 3327
8064 3326
8066 3325
8069 3324
8072 3323
8074 3322
8079 3321
8080 3320
8082 3319
8085 3318
8088 3317
8090 3316
8093 3315
8096 3314
8099 3313
8102 3312
8104 3311
8105 3310
8107 3309
8109 3308
8114 3307
8116 3306
8119 3305
8120 3304
8125 3303
8130 3302
8131 3301
8132 3300
8136 3299
8139 3298
8141 3297
8145 3296
8148 3295
8153 3294
8155 3293
8157 3292
8162 3291
8165 3290
8166 3289
8168 3288
8171 3287
8173 3286
8174 3285
8179 3284
8183 3283
8188 3282
8193 3281
8198 3280
8202 3279
8207 3278
8211 3277
8214 3276
8216 3275
8221 3274
8224 3273
8225 3272
8229 3271
8230 3270
8235 3269
8236 3268
8238 3267
8243 3266
8246 3265
8248 3264
8249 3263
8251 3262
8256 3261
8257 3260
8260 3259
8265 3258
8266 3257
8267 3256
8268 3255
8271 3254
8272 3253
8273 3252
8274 3251
8278 3250
8281 3249
8284 3248
8286 3247
8287 3246
8292 3245
8295 3244
8298 3243
8301 3242
8305 3241
8307 3240
8312 3239
8315 3238
8319 3237
8324 3236
8325 3235
8330 3234
8332 3233
8336 3232
8337 3231
8341 3230
8344 3229
8349 3228
8350 3227
8353 3226
8355 3225
8360 3224
8361 3223
8366 3222
8369 3221
8374 3220
8378 3219
8383 3218
8387 3217
8389 3216
8390 3215
8392 3214
8397 3213
8399 3212
8400 3211
8401 3210
8404 3209
8409 3208
8412 3207
8415 3206
8417 3205
8419 3204
8423 3203
8424 3202
8425 3201
8427 3200
8428 3199
8430 3198
8431 3197
8434 3196
8435 3195
8438 3194
8443 3193
8448 3192
8452 3191
8457 3190
8462 3189
8463 3188
8465 3187
8468 3186
8471 3185
8474 3184
8477 3183
8480 3182
8484 3181
8486 3180
8490 3179
8491 3178
8492 3177
8495 3176
8496 3175
8497 3174
8499 3173
8502 3172
8507 3171
8511 3170
8513 3169
8516 3168
8518 3167
8521 3166
8524 3165
8526 3164
8527 3163
8529 3162
8533 3161
8538 3160
8543 3159
8546 3158
8547 3157
8549 3156
8553 3155
8557 3154
8558 3153
8559 3152
8563 3151
8568 3150
8571 3149
8573 3148
8577 3147
8580 3146
8583 3145
8588 3144
8590 3143
8594 3142
8596 3141
8601 3140
8606 3139
8611 3138
8613 3137
8614 3136
8615 3135
8617 3134
8621 3133
8622 3132
8624 3131
8626 3130
8628 3129
8632 3128
8636 3127
8639 3126
8641 3125
8642 3124
8644 3123
8647 3122
8649 3121
8651 3120
8656 3119
8660 3118
8664 3117
8665 3116
8666 3115
8668 3114
8673 3113
8674 3112
8677 3111
8679 3110
8680 3109
8684 3108
8688 3107
8689 3106
8690 3105
8692 3104
8693 3103
8695 3102
8699 3101
8700 3100
8702 3099
8704 3098
8708 3097
8712 3096
8714 3095
8715 3094
8720 3093
8723 3092
8727 3091
8730 3090
8732 3089
8737 3088
8739 3087
8740 3086
8744 3085
8745 3084
8749 3083
8751 3082
8756 3081
8761 3080
8765 3079
8767 3078
8772 3077
8777 3076
8782 3075
8785 3074
8788 3073
8791 3072
8794 3071
8799 3070
8804 3069
8805 3068
8807 3067
8809 3066
8811 3065
8812 3064
8814 3063
8816 3062
8817 3061
8822 3060
8823 3059
8828 3058
8831 3057
8832 3056
8837 3055
8842 3054
8845 3053
8848 3052
8851 3051
8852 3050
8855 3049
8856 3048
8857 3047
8861 3046
8863 3045
8866 3044
8869 3043
8873 3042
8874 3041
8875 3040
8877 3039
8878 3038
8882 3037
8887 3036
8888 3035
8892 3034
8897 3033
8902 3032
8904 3031
8908 3030
8909 3029
8911 3028
8913 3027
8914 3026
8918 3025
8919 3024
8924 3023
8926 3022
8927 3021
8930 3020
8932 3019
8934 3018
8935 3017
8936 3016
8937 3015
8940 3014
8945 3013
8946 3012
8951 3011
8955 3010
8956 3009
8957 3008
8961 3007
8962 3006
8965 3005
8969 3004
8974 3003
8977 3002
8979 3001
8980 3000
8985 2999
8990 2998
8992 2997
8993 2996
8995 2995
9000 2994
9005 2993
9009 2992
9011 2991
9013 2990
9017 2989
9019 2988
9021 2987
9023 2986
9027 2985
9032 2984
9034 2983
9035 2982
9040 2981
9045 2980
9050 2979
9055 2978
9058 2977
9059 2976
9060 2975
9063 2974
9065 2973
9068 2972
9071 2971
9072 2970
9077 2969
9082 2968
9083 2967
9087 2966
9092 2965
9094 2964
9096 2963
9100 2962
9105 2961
9109 2960
9113 2959
9116 2958
9117 2957
9120 2956
9121 2955
9125 2954
9130 2953
9132 2952
9135 2951
9138 2950
9143 2949
9146 2948
9149 2947
9154 2946
9159 2945
9163 2944
9164 2943
9168 2942
9173 2941
9175 2940
9178 2939
9182 2938
9185 2937
9187 2936
9190 2935
9193 2934
9198 2933
9200 2932
9204 2931
9205 2930
9206 2929
9210 2928
9211 2927
9213 2926
9218 2925
9223 2924
9226 2923
9230 2922
9231 2921
9233 2920
9237 2919
9239 2918
9243 2917
9246 2916
9248 2915
9251 2914
9252 2913
9254 2912
9258 2911
9259 2910
9264 2909
9268 2908
9269 2907
9271 2906
9276 2905
9280 2904
9284 2903
9289 2902
9293 2901
9298 2900
9302 2899
9303 2898
9308 2897
9313 2896
9317 2895
9322 2894
9326 2893
9331 2892
9333 2891
9336 2890
9337 2889
9341 2888
9343 2887
9348 2886
9351 2885
9355 2884
9360 2883
9364 2882
9366 2881
9368 2880
9372 2879
9375 2878
9378 2877
9383 2876
9385 2875
9388 2874
9393 2873
9395 2872
9398 2871
9400 2870
9404 2869
9408 2868
9410 2867
9412 2866
9417 2865
9418 2864
9421 2863
9422 2862
9427 2861
9430 2860
9433 2859
9437 2858
9440 2857
9444 2856
9447 2855
9450 2854
9451 2853
9456 2852
9458 2851
9461 2850
9465 2849
9469 2848
9472 2847
9476 2846
9477 2845
9481 2844
9484 2843
9489 2842
9491 2841
9492 2840
9493 2839
9496 2838
9501 2837
9504 2836
9505 2835
9507 2834
9508 2833
9510 2832
9511 2831
9515 2830
9519 2829
9521 2828
9524 2827
9527 2826
9531 2825
9536 2824
9537 2823
9540 2822
9544 2821
9546 2820
9548 2819
9553 2818
9555 2817
9560 2816
9562 2815
9567 2814
9569 2813
9572 2812
9577 2811
9582 2810
9587 2809
9590 2808
9595 2807
9596 2806
9601 2805
9603 2804
9604 2803
9607 2802
9611 2801
9613 2800
9615 2799
9619 2798
9621 2797
9622 2796
9623 2795
9626 2794
9630 2793
9633 2792
9635 2791
9638 2790
9642 2789
9645 2788
9649 2787
9651 2786
9654 2785
9658 2784
9662 2783
9667 2782
9671 2781
9673 2780
9677 2779
9680 2778
9684 2777
9689 2776
9692 2775
9696 2774
9697 2773
9699 2772
9704 2771
9706 2770
9710 2769
9712 2768
9715 2767
9719 2766
9722 2765
9725 2764
9729 2763
9730 2762
9735 2761
9739 2760
9742 2759
9747 2758
9751 2757
9755 2756
9759 2755
9764 2754
9765 2753
9767 2752
9768 2751
9772 2750
9777 2749
9778 2748
9780 2747
9783 2746
9786 2745
9789 2744
9792 2743
9793 2742
9796 2741
9797 2740
9801 2739
9802 2738
9805 2737
9807 2736
9812 2735
9817 2734
9821 2733
9822 2732
9823 2731
9828 2730
9833 2729
9837 2728
9841 2727
9846 2726
9850 2725
9855 2724
9858 2723
9860 2722
9862 2721
9865 2720
9869 2719
9874 2718
9877 2717
9878 2716
9880 2715
9882 2714
9884 2713
9886 2712
9887 2711
9889 2710
9891 2709
9893 2708
9897 2707
9899 2706
9900 2705
9905 2704
9906 2703
9907 2702
9911 2701
9914 2700
9917 2699
9921 2698
9926 2697
9928 2696
9930 2695
9932 2694
9934 2693
9939 2692
9944 2691
9948 2690
9952 2689
9956 2688
9958 2687
9961 2686
9962 2685
9964 2684
9966 2683
9967 2682
9970 2681
9975 2680
9979 2679
9981 2678
9982 2677
9987 2676
9988 2675
9991 2674
9996 2673
9999 2672
10004 2671
10007 2670
10011 2669
10012 2668
10017 2667
10019 2666
10023 2665
10028 2664
10029 2663
10033 2662
10038 2661
10042 2660
10047 2659
10051 2658
10053 2657
10057 2656
10059 2655
10061 2654
10064 2653
10068 2652
10071 2651
10073 2650
10074 2649
10077 2648
10078 2647
10079 2646
10083 2645
10087 2644
10090 2643
10093 2642
10094 2641
10096 2640
10101 2639
10105 2638
10107 2637
10109 2636
10110 2635
10111 2634
10112 2633
10113 2632
10117 2631
10122 2630
10125 2629
10126 2628
10128 2627
10133 2626
10134 2625
10136 2624
10140 2623
10145 2622
10147 2621
10150 2620
10152 2619
10157 2618
10161 2617
10162 2616
10167 2615
10171 2614
10176 2613
10177 2612
10178 2611
10181 2610
10183 2609
10184 2608
10185 2607
10186 2606
10190 2605
10194 2604
10195 2603
10199 2602
10204 2601
10209 2600
10212 2599
10213 2598
10217 2597
10219 2596
10222 2595
10224 2594
10228 2593
10229 2592
10232 2591
10234 2590
10235 2589
10237 2588
10238 2587
10240 2586
10243 2585
10244 2584
10249 2583
10252 2582
10253 2581
10257 2580
10261 2579
10264 2578
10268 2577
10269 2576
10270 2575
10273 2574
10276 2573
10277 2572
10278 2571
10279 2570
10281 2569
10286 2568
10287 2567
10292 2566
10294 2565
10297 2564
10300 2563
10304 2562
10307 2561
10308 2560
10311 2559
10312 2558
10317 2557
10320 2556
10325 2555
10330 2554
10334 2553
10338 2552
10343 2551
10344 2550
10345 2549
10349 2548
10351 2547
10355 2546
10356 2545
10357 2544
10362 2543
10364 2542
10366 2541
10367 2540
10369 2539
10374 2538
10376 2537
10381 2536
10386 2535
10389 2534
10392 2533
10395 2532
10398 2531
10401 2530
10406 2529
10409 2528
10414 2527
10419 2526
10420 2525
10425 2524
10429 2523
10431 2522
10435 2521
10436 2520
10438 2519
10442 2518
10445 2517
10450 2516
10453 2515
10456 2514
10461 2513
10462 2512
10466 2511
10468 2510
10472 2509
10476 2508
10480 2507
10485 2506
10490 2505
10494 2504
10495 2503
10496 2502
10497 2501
10502 2500
10506 2499
10508 2498
10510 2497
10512 2496
10516 2495
10520 2494
10524 2493
10526 2492
10527 2491
10531 2490
10532 2489
10537 2488
10539 2487
10541 2486
10545 2485
10549 2484
10551 2483
10556 2482
10559 2481
10562 2480
10567 2479
10570 2478
10571 2477
10574 2476
10575 2475
10578 2474
10582 2473
10585 2472
10587 2471
10588 2470
10590 2469
10593 2468
10594 2467
10596 2466
10598 2465
10603 2464
10607 2463
10610 2462
10611 2461
10615 2460
10618 2459
10621 2458
10623 2457
10624 2456
10625 2455
10628 2454
10629 2453
10631 2452
10632 2451
10635 2450
10640 2449
10641 2448
10644 2447
10649 2446
10650 2445
10651 2444
10655 2443
10660 2442
10664 2441
10669 2440
10672 2439
10677 2438
10681 2437
10682 2436
10683 2435
10686 2434
10688 2433
10689 2432
10692 2431
10694 2430
10696 2429
10701 2428
10705 2427
10706 2426
10707 2425
10708 2424
10712 2423
10714 2422
10719 2421
10720 2420
10723 2419
10724 2418
10727 2417
10731 2416
10734 2415
10738 2414
10740 2413
10741 2412
10743 2411
10744 2410
10749 2409
10750 2408
10753 2407
10755 2406
10756 2405
10757 2404
10759 2403
10760 2402
10762 2401
10763 2400
10767 2399
10768 2398
10771 2397
10775 2396
10779 2395
10781 2394
10784 2393
10787 2392
10789 2391
10794 2390
10798 2389
10799 2388
10803 2387
10806 2386
10809 2385
10814 2384
10817 2383
10818 2382
10823 2381
10827 2380
10831 2379
10835 2378
10839 2377
10841 2376
10846 2375
10850 2374
10854 2373
10857 2372
10862 2371
10865 2370
10867 2369
10872 2368
10873 2367
10875 2366
10879 2365
10880 2364
10883 2363
10887 2362
10890 2361
10895 2360
10900 2359
10903 2358
10905 2357
10906 2356
10908 2355
10912 2354
10917 2353
10922 2352
10924 2351
10926 2350
10930 2349
10931 2348
10936 2347
10941 2346
10943 2345
10946 2344
10949 2343
10954 2342
10958 2341
10963 2340
10965 2339
10967 2338
10970 2337
10974 2336
10975 2335
10976 2334
10978 2333
10980 2332
10981 2331
10983 2330
10984 2329
10989 2328
10992 2327
10996 2326
10999 2325
11000 2324
11005 2323
11009 2322
11013 2321
11018 2320
11022 2319
11026 2318
11029 2317
11030 2316
11032 2315
11037 2314
11039 2313
11042 2312
11047 2311
11052 2310
11054 2309
11056 2308
11059 2307
11062 2306
11063 2305
11065 2304
11066 2303
11067 2302
11070 2301
11072 2300
11075 2299
11078 2298
11080 2297
11084 2296
11089 2295
11094 2294
11095 2293
11099 2292
11102 2291
11103 2290
11107 2289
11109 2288
11110 2287
11113 2286
11117 2285
11120 2284
11122 2283
11123 2282
11124 2281
11126 2280
11130 2279
11131 2278
11133 2277
11134 2276
11139 2275
11140 2274
11143 2273
11145 2272
11146 2271
11150 2270
11151 2269
11152 2268
11157 2267
11160 2266
11161 2265
11165 2264
11169 2263
11172 2262
11177 2261
11179 2260
11183 2259
11187 2258
11190 2257
11195 2256
11199 2255
11200 2254
11203 2253
11208 2252
11213 2251
11217 2250
11219 2249
11221 2248
11224 2247
11229 2246
11230 2245
11233 2244
11238 2243
11242 2242
11247 2241
11248 2240
11252 2239
11257 2238
11259 2237
11264 2236
11266 2235
11271 2234
11273 2233
11275 2232
11280 2231
11283 2230
11286 2229
11287 2228
11290 2227
11294 2226
11295 2225
11296 2224
11299 2223
11301 2222
11305 2221
11308 2220
11312 2219
11314 2218
11317 2217
11321 2216
11324 2215
11326 2214
11328 2213
11329 2212
11330 2211
11334 2210
11335 2209
11336 2208
11337 2207
11339 2206
11344 2205
11348 2204
11349 2203
11353 2202
11355 2201
11356 2200
11360 2199
11364 2198
11367 2197
11371 2196
11373 2195
11376 2194
11378 2193
11383 2192
11384 2191
11388 2190
11393 2189
11394 2188
11399 2187
11400 2186
11403 2185
11406 2184
11408 2183
11412 2182
11413 2181
11418 2180
11423 2179
11428 2178
11430 2177
11435 2176
11438 2175
11442 2174
11444 2173
11448 2172
11451 2171
11456 2170
11461 2169
11466 2168
11467 2167
11469 2166
11471 2165
11476 2164
11481 2163
11483 2162
11488 2161
11490 2160
11493 2159
11496 2158
11498 2157
11502 2156
11503 2155
11504 2154
11505 2153
11506 2152
11510 2151
11511 2150
11514 2149
11519 2148
11523 2147
11527 2146
11530 2145
11532 2144
11534 2143
11538 2142
11542 2141
11547 2140
11548 2139
11553 2138
11558 2137
11562 2136
11563 2135
11564 2134
11567 2133
11571 2132
11576 2131
11580 2130
11583 2129
11585 2128
11590 2127
11591 2126
11595 2125
11598 2124
11599 2123
11604 2122
11607 2121
11612 2120
11615 2119
11618 2118
11620 2117
11625 2116
11627 2115
11631 2114
11634 2113
11638 2112
11643 2111
11647 2110
11652 2109
11655 2108
11657 2107
11662 2106
11667 2105
11671 2104
11674 2103
11679 2102
11681 2101
11686 2100
11690 2099
11691 2098
11692 2097
11697 2096
11699 2095
11701 2094
11704 2093
11705 2092
11707 2091
11712 2090
11714 2089
11718 2088
11722 2087
11723 2086
11727 2085
11731 2084
11733 2083
11737 2082
11740 2081
11745 2080
11748 2079
11751 2078
11754 2077
11755 2076
11756 2075
11761 2074
11764 2073
11767 2072
11771 2071
11774 2070
11775 2069
11777 2068
11781 2067
11784 2066
11786 2065
11788 2064
11793 2063
11794 2062
11799 2061
11803 2060
11808 2059
11811 2058
11813 2057
11817 2056
11821 2055
11825 2054
11830 2053
11834 2052
11837 2051
11839 2050
11842 2049
11844 2048
11847 2047
11849 2046
11853 2045
11855 2044
11859 2043
11864 2042
11868 2041
11873 2040
11875 2039
11879 2038
11884 2037
11887 2036
11888 2035
11889 2034
11891 2033
11896 2032
11898 2031
11901 2030
11906 2029
11907 2028
11911 2027
11913 2026
11917 2025
11920 2024
11925 2023
11930 2022
11935 2021
11939 2020
11940 2019
11942 2018
11947 2017
11951 2016
11955 2015
11956 2014
11960 2013
11963 2012
11965 2011
11970 2010
11971 2009
11976 2008
11979 2007
11984 2006
11987 2005
11990 2004
11994 2003
11995 2002
11996 2001
11998 2000
12000 1999
12005 1998
12010 1997
12014 1996
12016 1995
12019 1994
12023 1993
12025 1992
12029 1991
12033 1990
12037 1989
12039 1988
12042 1987
12046 1986
12050 1985
12054 1984
12055 1983
12059 1982
12061 1981
12064 1980
12069 1979
12072 1978
12073 1977
12075 1976
12078 1975
12080 1974
12084 1973
12088 1972
12090 1971
12094 1970
12097 1969
12099 1968
12103 1967
12106 1966
12110 1965
12114 1964
12118 1963
12123 1962
12124 1961
12128 1960
12129 1959
12134 1958
12137 1957
12142 1956
12145 1955
12149 1954
12150 1953
12154 1952
12157 1951
12161 1950
12164 1949
12165 1948
12166 1947
12169 1946
12171 1945
12172 1944
12177 1943
12181 1942
12183 1941
12188 1940
12191 1939
12194 1938
12195 1937
12196 1936
12197 1935
12199 1934
12201 1933
12202 1932
12204 1931
12207 1930
12212 1929
12214 1928
12219 1927
12224 1926
12225 1925
12229 1924
12233 1923
12237 1922
12238 1921
12241 1920
12244 1919
12246 1918
12249 1917
12254 1916
12256 1915
12259 1914
12262 1913
12263 1912
12268 1911
12271 1910
12274 1909
12278 1908
12281 1907
12285 1906
12289 1905
12290 1904
12293 1903
12296 1902
12300 1901
12301 1900
12303 1899
12304 1898
12306 1897
12307 1896
12312 1895
12317 1894
12319 1893
12323 1892
12324 1891
12328 1890
12331 1889
12335 1888
12340 1887
12345 1886
12350 1885
12353 1884
12356 1883
12358 1882
12359 1881
12360 1880
12363 1879
12367 1878
12369 1877
12373 1876
12376 1875
12381 1874
12383 1873
12386 1872
12387 1871
12390 1870
12392 1869
12393 1868
12397 1867
12401 1866
12403 1865
12404 1864
12407 1863
12411 1862
12412 1861
12415 1860
12416 1859
12421 1858
12425 1857
12427 1856
12428 1855
12430 1854
12435 1853
12440 1852
12443 1851
12447 1850
12449 1849
12450 1848
12454 1847
12457 1846
12462 1845
12465 1844
12467 1843
12471 1842
12475 1841
12477 1840
12481 1839
12485 1838
12488 1837
12490 1836
12493 1835
12497 1834
12502 1833
12506 1832
12508 1831
12509 1830
12514 1829
12516 1828
12517 1827
12518 1826
12523 1825
12525 1824
12528 1823
12530 1822
12532 1821
12536 1820
12539 1819
12544 1818
12548 1817
12549 1816
12550 1815
12553 1814
12557 1813
12559 1812
12561 1811
12564 1810
12566 1809
12569 1808
12574 1807
12575 1806
12578 1805
12580 1804
12583 1803
12585 1802
12586 1801
12590 1800
12592 1799
12595 1798
12598 1797
12602 1796
12605 1795
12608 1794
12612 1793
12613 1792
12614 1791
12619 1790
12620 1789
12622 1788
12624 1787
12625 1786
12630 1785
12633 1784
12634 1783
12635 1782
12637 1781
12642 1780
12643 1779
12644 1778
12646 1777
12651 1776
12654 1775
12657 1774
12661 1773
12664 1772
12666 1771
12670 1770
12671 1769
12674 1768
12675 1767
12676 1766
12677 1765
12678 1764
12681 1763
12682 1762
12687 1761
12690 1760
12692 1759
12696 1758
12701 1757
12705 1756
12706 1755
12710 1754
12715 1753
12719 1752
12723 1751
12727 1750
12731 1749
12732 1748
12733 1747
12736 1746
12737 1745
12740 1744
12741 1743
12744 1742
12748 1741
12749 1740
12751 1739
12753 1738
12755 1737
12757 1736
12761 1735
12763 1734
12766 1733
12767 1732
12771 1731
12776 1730
12779 1729
12784 1728
12787 1727
12790 1726
12792 1725
12795 1724
12800 1723
12801 1722
12804 1721
12807 1720
12812 1719
12817 1718
12821 1717
12826 1716
12828 1715
12830 1714
12832 1713
12834 1712
12836 1711
12837 1710
12840 1709
12843 1708
12847 1707
12850 1706
12853 1705
12858 1704
12863 1703
12866 1702
12871 1701
12875 1700
12877 1699
12881 1698
12883 1697
12884 1696
12887 1695
12891 1694
12894 1693
12895 1692
12899 1691
12901 1690
12902 1689
12904 1688
12908 1687
12910 1686
12915 1685
12916 1684
12920 1683
12924 1682
12929 1681
12934 1680
12939 1679
12940 1678
12942 1677
12943 1676
12946 1675
12947 1674
12950 1673
12955 1672
12956 1671
12961 1670
12965 1669
12970 1668
12973 1667
12976 1666
12981 1665
12982 1664
12987 1663
12989 1662
12994 1661
12999 1660
13004 1659
13007 1658
13010 1657
13015 1656
13019 1655
13023 1654
13025 1653
13026 1652
13031 1651
13035 1650
13036 1649
13041 1648
13044 1647
13046 1646
13051 1645
13055 1644
13056 1643
13060 1642
13064 1641
13065 1640
13066 1639
13068 1638
13069 1637
13071 1636
13073 1635
13078 1634
13081 1633
13082 1632
13084 1631
13088 1630
13092 1629
13094 1628
13097 1627
13102 1626
13104 1625
13108 1624
13112 1623
13115 1622
13119 1621
13122 1620
13125 1619
13127 1618
13128 1617
13132 1616
13133 1615
13134 1614
13137 1613
13138 1612
13142 1611
13144 1610
13147 1609
13150 1608
13152 1607
13157 1606
13158 1605
13161 1604
13163 1603
13167 1602
13171 1601
13175 1600
13180 1599
13184 1598
13188 1597
13192 1596
13197 1595
13200 1594
13202 1593
13204 1592
13208 1591
13212 1590
13217 1589
13221 1588
13222 1587
13226 1586
13231 1585
13234 1584
13238 1583
13242 1582
13244 1581
13245 1580
13246 1579
13251 1578
13252 1577
13255 1576
13259 1575
13263 1574
13267 1573
13268 1572
13270 1571
13274 1570
13278 1569
13280 1568
13282 1567
13287 1566
13292 1565
13296 1564
13298 1563
13302 1562
13305 1561
13309 1560
13312 1559
13316 1558
13321 1557
13325 1556
13329 1555
13331 1554
13333 1553
13337 1552
13339 1551
13341 1550
13342 1549
13347 1548
13349 1547
13350 1546
13354 1545
13358 1544
13362 1543
13366 1542
13371 1541
13376 1540
13380 1539
13383 1538
13385 1537
13390 1536
13392 1535
13394 1534
13398 1533
13401 1532
13403 1531
13405 1530
13410 1529
13411 1528
13415 1527
13420 1526
13424 1525
13428 1524
13430 1523
13433 1522
13437 1521
13441 1520
13446 1519
13448 1518
13453 1517
13454 1516
13459 1515
13463 1514
13466 1513
13467 1512
13470 1511
13475 1510
13480 1509
13483 1508
13488 1507
13491 1506
13496 1505
13499 1504
13501 1503
13504 1502
13507 1501
13508 1500
13513 1499
13518 1498
13521 1497
13522 1496
13523 1495
13524 1494
13529 1493
13532 1492
13536 1491
13538 1490
13540 1489
13543 1488
13546 1487
13548 1486
13549 1485
13550 1484
13553 1483
13558 1482
13559 1481
13564 1480
13565 1479
13568 1478
13570 1477
13574 1476
13575 1475
13578 1474
13583 1473
13587 1472
13591 1471
13593 1470
13595 1469
13596 1468
13600 1467
13604 1466
13608 1465
13611 1464
13614 1463
13615 1462
13620 1461
13624 1460
13625 1459
13630 1458
13635 1457
13636 1456
13638 1455
13641 1454
13643 1453
13646 1452
13649 1451
13653 1450
13655 1449
13659 1448
13663 1447
13666 1446
13667 1445
13668 1444
13670 1443
13675 1442
13676 1441
13680 1440
13685 1439
13690 1438
13693 1437
13696 1436
13699 1435
13704 1434
13709 1433
13711 1432
13716 1431
13721 1430
13723 1429
13725 1428
13729 1427
13731 1426
13735 1425
13740 1424
13742 1423
13743 1422
13745 1421
13747 1420
13749 1419
13753 1418
13757 1417
13759 1416
13761 1415
13762 1414
13765 1413
13766 1412
13770 1411
13775 1410
13778 1409
13779 1408
13784 1407
13785 1406
13786 1405
13787 1404
13789 1403
13791 1402
13796 1401
13800 1400
13804 1399
13809 1398
13811 1397
13814 1396
13818 1395
13822 1394
13827 1393
13830 1392
13831 1391
13832 1390
13834 1389
13837 1388
13839 1387
13840 1386
13841 1385
13844 1384
13848 1383
13849 1382
13852 1381
13854 1380
13858 1379
13859 1378
13863 1377
13867 1376
13868 1375
13870 1374
13875 1373
13876 1372
13878 1371
13883 1370
13887 1369
13891 1368
13893 1367
13894 1366
13898 1365
13900 1364
13905 1363
13907 1362
13908 1361
13909 1360
13910 1359
13913 1358
13916 1357
13917 1356
13920 1355
13923 1354
13924 1353
13925 1352
13929 1351
13930 1350
13935 1349
13940 1348
13943 1347
13948 1346
13950 1345
13954 1344
13958 1343
13961 1342
13964 1341
13969 1340
13974 1339
13975 1338
13980 1337
13984 1336
13986 1335
13991 1334
13994 1333
13998 1332
14002 1331
14005 1330
14008 1329
14009 1328
14013 1327
14018 1326
14021 1325
14026 1324
14031 1323
14034 1322
14038 1321
14042 1320
14045 1319
14048 1318
14053 1317
14058 1316
14059 1315
14063 1314
14068 1313
14071 1312
14075 1311
14079 1310
14084 1309
14087 1308
14089 1307
14092 1306
14097 1305
14101 1304
14105 1303
14109 1302
14111 1301
14115 1300
14116 1299
14117 1298
14122 1297
14127 1296
14128 1295
14130 1294
14133 1293
14136 1292
14138 1291
14139 1290
14143 1289
14147 1288
14152 1287
14153 1286
14158 1285
14162 1284
14164 1283
14168 1282
14170 1281
14171 1280
14173 1279
14174 1278
14175 1277
14176 1276
14178 1275
14182 1274
14183 1273
14185 1272
14190 1271
14195 1270
14198 1269
14199 1268
14201 1267
14206 1266
14210 1265
14214 1264
14215 1263
14220 1262
14221 1261
14224 1260
14227 1259
14232 1258
14235 1257
14239 1256
14241 1255
14246 1254
14247 1253
14252 1252
14256 1251
14257 1250
14262 1249
14263 1248
14265 1247
14266 1246
14271 1245
14274 1244
14279 1243
14283 1242
14286 1241
14290 1240
14294 1239
14296 1238
14300 1237
14303 1236
14304 1235
14309 1234
14312 1233
14313 1232
14318 1231
14319 1230
14321 1229
14324 1228
14325 1227
14328 1226
14332 1225
14335 1224
14336 1223
14339 1222
14344 1221
14347 1220
14352 1219
14356 1218
14359 1217
14363 1216
14364 1215
14368 1214
14370 1213
14375 1212
14376 1211
14381 1210
14383 1209
14387 1208
14388 1207
14392 1206
14397 1205
14400 1204
14403 1203
14408 1202
14412 1201
14414 1200
14416 1199
14421 1198
14423 1197
14426 1196
14430 1195
14432 1194
14434 1193
14439 1192
14444 1191
14449 1190
14451 1189
14455 1188
14460 1187
14464 1186
14469 1185
14471 1184
14476 1183
14478 1182
14483 1181
14486 1180
14489 1179
14491 1178
14494 1177
14495 1176
14496 1175
14501 1174
14506 1173
14510 1172
14514 1171
14515 1170
14518 1169
14521 1168
14523 1167
14527 1166
14532 1165
14533 1164
14538 1163
14542 1162
14546 1161
14547 1160
14550 1159
14552 1158
14555 1157
14557 1156
14559 1155
14563 1154
14566 1153
14570 1152
14574 1151
14579 1150
14582 1149
14584 1148
14586 1147
14587 1146
14592 1145
14593 1144
14594 1143
14598 1142
14600 1141
14601 1140
14602 1139
14607 1138
14610 1137
14615 1136
14619 1135
14620 1134
14625 1133
14627 1132
14628 1131
14630 1130
14634 1129
14636 1128
14641 1127
14645 1126
14646 1125
14647 1124
14650 1123
14651 1122
14655 1121
14658 1120
14659 1119
14660 1118
14664 1117
14668 1116
14672 1115
14676 1114
14679 1113
14680 1112
14684 1111
14686 1110
14690 1109
14692 1108
14697 1107
14700 1106
14704 1105
14706 1104
14707 1103
14708 1102
14709 1101
14713 1100
14714 1099
14718 1098
14719 1097
14721 1096
14725 1095
14728 1094
14729 1093
14732 1092
14734 1091
14739 1090
14743 1089
14744 1088
14749 1087
14753 1086
14754 1085
14756 1084
14759 1083
14760 1082
14763 1081
14764 1080
14767 1079
14770 1078
14772 1077
14775 1076
14780 1075
14782 1074
14784 1073
14786 1072
14789 1071
14790 1070
14794 1069
14798 1068
14802 1067
14807 1066
14808 1065
14812 1064
14813 1063
14818 1062
14823 1061
14824 1060
14827 1059
14831 1058
14835 1057
14838 1056
14842 1055
14847 1054
14852 1053
14857 1052
14861 1051
14865 1050
14869 1049
14872 1048
14873 1047
14874 1046
14879 1045
14881 1044
14883 1043
14887 1042
14890 1041
14891 1040
14893 1039
14897 1038
14902 1037
14907 1036
14911 1035
14916 1034
14920 1033
14921 1032
14923 1031
14927 1030
14932 1029
14933 1028
14936 1027
14940 1026
14944 1025
14947 1024
14951 1023
14955 1022
14957 1021
14960 1020
14962 1019
14966 1018
14971 1017
14975 1016
14979 1015
14983 1014
14985 1013
14990 1012
14993 1011
14994 1010
14996 1009
14998 1008
15003 1007
15008 1006
15012 1005
15017 1004
15019 1003
15023 1002
15028 1001
15031 1000
15033 999
15036 998
15039 997
15044 996
15045 995
15049 994
15050 993
15055 992
15057 991
15058 990
15062 989
15064 988
15068 987
15069 986
15071 985
15072 984
15076 983
15078 982
15080 981
15083 980
15088 979
15089 978
15091 977
15094 976
15095 975
15099 974
15101 973
15102 972
15104 971
15105 970
15109 969
15112 968
15116 967
15118 966
15120 965
15121 964
15124 963
15126 962
15130 961
15134 960
15137 959
15139 958
15142 957
15143 956
15145 955
15147 954
15151 953
15154 952
15155 951
15158 950
15160 949
15165 948
15170 947
15173 946
15178 945
15181 944
15182 943
15185 942
15186 941
15190 940
15192 939
15194 938
15199 937
15204 936
15206 935
15210 934
15215 933
15217 932
15218 931
15220 930
15223 929
15226 928
15229 927
15232 926
15234 925
15239 924
15242 923
15244 922
15247 921
15248 920
15252 919
15255 918
15260 917
15265 916
15270 915
15274 914
15277 913
15278 912
15279 911
15284 910
15286 909
15289 908
15293 907
15294 906
15295 905
15298 904
15300 903
15301 902
15304 901
15306 900
15308 899
15309 898
15313 897
15315 896
15320 895
15325 894
15326 893
15329 892
15334 891
15336 890
15341 889
15346 888
15349 887
15350 886
15352 885
15357 884
15358 883
15363 882
15366 881
15368 880
15370 879
15375 878
15380 877
15381 876
15384 875
15387 874
15391 873
15393 872
15394 871
15396 870
15397 869
15399 868
15402 867
15407 866
15408 865
15411 864
15416 863
15419 862
15421 861
15426 860
15428 859
15430 858
15431 857
15436 856
15438 855
15442 854
15445 853
15449 852
15451 851
15455 850
15460 849
15464 848
15465 847
15466 846
15471 845
15472 844
15474 843
15477 842
15480 841
15485 840
15490 839
15493 838
15497 837
15498 836
15500 835
15502 834
15505 833
15510 832
15514 831
15518 830
15521 829
15522 828
15524 827
15525 826
15527 825
15528 824
15533 823
15536 822
15540 821
15541 820
15544 819
15549 818
15554 817
15556 816
15559 815
15563 814
15568 813
15572 812
15576 811
15578 810
15580 809
15582 808
15583 807
15586 806
15589 805
15592 804
15593 803
15594 802
15599 801
15604 800
15607 799
15609 798
15613 797
15615 796
15617 795
15618 794
15622 793
15625 792
15626 791
15631 790
15635 789
15637 788
15638 787
15642 786
15646 785
15649 784
15654 783
15658 782
15660 781
15662 780
15666 779
15670 778
15673 777
15678 776
15680 775
15685 774
15686 773
15689 772
15691 771
15694 770
15695 769
15699 768
15702 767
15703 766
15705 765
15709 764
15713 763
15714 762
15718 761
15722 760
15726 759
15731 758
15732 757
15735 756
15736 755
15738 754
15739 753
15740 752
15742 751
15743 750
15745 749
15750 748
15753 747
15757 746
15762 745
15763 744
15768 743
15769 742
15773 741
15774 740
15779 739
15781 738
15786 737
15791 736
15794 735
15798 734
15800 733
15801 732
15805 731
15808 730
15809 729
15814 728
15815 727
15816 726
15819 725
15822 724
15824 723
15829 722
15833 721
15835 720
15840 719
15843 718
15848 717
15852 716
15857 715
15859 714
15861 713
15866 712
15870 711
15874 710
15878 709
15883 708
15888 707
15892 706
15897 705
15900 704
15905 703
15907 702
15908 701
15909 700
15911 699
15914 698
15915 697
15916 696
15917 695
15919 694
15920 693
15921 692
15926 691
15927 690
15932 689
15935 688
15937 687
15940 686
15941 685
15943 684
15944 683
15947 682
15952 681
15955 680
15959 679
15961 678
15965 677
15970 676
15972 675
15974 674
15975 673
15977 672
15981 671
15986 670
15990 669
15992 668
15993 667
15996 666
15999 665
16000 664
16002 663
16003 662
16007 661
16008 660
16011 659
16016 658
16019 657
16024 656
16028 655
16033 654
16036 653
16039 652
16041 651
16043 650
16046 649
16047 648
16049 647
16054 646
16059 645
16064 644
16066 643
16069 642
16074 641
16075 640
16079 639
16081 638
16082 637
16086 636
16091 635
16093 634
16096 633
16101 632
16104 631
16106 630
16111 629
16112 628
16113 627
16116 626
16119 625
16121 624
16123 623
16124 622
16125 621
16127 620
16130 619
16135 618
16136 617
16141 616
16143 615
16147 614
16151 613
16156 612
16159 611
16162 610
16167 609
16170 608
16175 607
16177 606
16178 605
16180 604
16182 603
16183 602
16184 601
16187 600
16190 599
16193 598
16195 597
16199 596
16204 595
16205 594
16209 593
16212 592
16214 591
16217 590
16219 589
16223 588
16226 587
16227 586
16230 585
16232 584
16237 583
16238 582
16240 581
16242 580
16247 579
16252 578
16257 577
16259 576
16261 575
16265 574
16270 573
16271 572
16273 571
16277 570
16278 569
16282 568
16284 567
16287 566
16288 565
16292 564
16296 563
16298 562
16303 561
16305 560
16310 559
16313 558
16318 557
16321 556
16326 555
16330 554
16333 553
16337 552
16342 551
16347 550
16349 549
16350 548
16354 547
16355 546
16360 545
16365 544
16368 543
16369 542
16373 541
16377 540
16378 539
16379 538
16382 537
16383 536
16386 535
16390 534
16393 533
16394 532
16395 531
16396 530
16397 529
16398 528
16402 527
16404 526
16408 525
16411 524
16415 523
16417 522
16418 521
16420 520
16424 519
16425 518
16426 517
16429 516
16430 515
16433 514
16438 513
16441 512
16443 511
16445 510
16450 509
16451 508
16456 507
16458 506
16461 505
16464 504
16467 503
16468 502
16472 501
16475 500
16479 499
16483 498
16487 497
16489 496
16491 495
16496 494
16497 493
16502 492
16507 491
16511 490
16515 489
16520 488
16523 487
16525 486
16527 485
16529 484
16532 483
16537 482
16542 481
16546 480
16547 479
16552 478
16554 477
16556 476
16558 475
16562 474
16566 473
16571 472
16574 471
16577 470
16580 469
16584 468
16585 467
16590 466
16595 465
16596 464
16600 463
16601 462
16602 461
16603 460
16605 459
16606 458
16608 457
16611 456
16616 455
16617 454
16618 453
16622 452
16625 451
16628 450
16630 449
16635 448
16638 447
16641 446
16646 445
16648 444
16649 443
16652 442
16654 441
16659 440
16660 439
16662 438
16665 437
16668 436
16672 435
16674 434
16676 433
16677 432
16680 431
16684 430
16685 429
16687 428
16689 427
16691 426
16694 425
16695 424
16698 423
16699 422
16703 421
16708 420
16713 419
16714 418
16715 417
16717 416
16718 415
16719 414
16723 413
16726 412
16730 411
16733 410
16735 409
16737 408
16738 407
16743 406
16748 405
16753 404
16758 403
16763 402
16768 401
16772 400
16777 399
16780 398
16783 397
16785 396
16786 395
16787 394
16792 393
16795 392
16797 391
16799 390
16804 389
16808 388
16812 387
16814 386
16819 385
16824 384
16828 383
16832 382
16835 381
16836 380
16838 379
16841 378
16842 377
16845 376
16848 375
16851 374
16853 373
16854 372
16859 371
16863 370
16866 369
16871 368
16876 367
16878 366
16880 365
16881 364
16882 363
16885 362
16890 361
16894 360
16896 359
16899 358
16903 357
16908 356
16909 355
16912 354
16913 353
16917 352
16919 351
16920 350
16925 349
16927 348
16932 347
16935 346
16936 345
16940 344
16945 343
16949 342
16951 341
16953 340
16955 339
16959 338
16962 337
16967 336
16969 335
16971 334
16973 333
16974 332
16977 331
16978 330
16981 329
16984 328
16986 327
16987 326
16991 325
16996 324
17001 323
17002 322
17003 321
17004 320
17007 319
17009 318
17010 317
17013 316
17014 315
17016 314
17018 313
17020 312
17021 311
17023 310
17026 309
17028 308
17033 307
17035 306
17038 305
17042 304
17047 303
17052 302
17053 301
17058 300
17061 299
17062 298
17067 297
17070 296
17071 295
17074 294
17079 293
17081 292
17086 291
17089 290
17094 289
17095 288
17098 287
17099 286
17104 285
17109 284
17113 283
17116 282
17121 281
17126 280
17129 279
17130 278
17133 277
17136 276
17140 275
17143 274
17146 273
17150 272
17154 271
17158 270
17159 269
17163 268
17164 267
17169 266
17172 265
17173 264
17177 263
17178 262
17182 261
17185 260
17189 259
17191 258
17196 257
17201 256
17203 255
17206 254
17209 253
17210 252
17212 251
17216 250
17219 249
17221 248
17222 247
17223 246
17228 245
17232 244
17237 243
17240 242
17245 241
17249 240
17251 239
17254 238
17257 237
17260 236
17265 235
17268 234
17273 233
17274 232
17276 231
17279 230
17283 229
17284 228
17288 227
17292 226
17293 225
17298 224
17303 223
17308 222
17313 221
17315 220
17317 219
17321 218
17323 217
17325 216
17328 215
17333 214
17338 213
17340 212
17342 211
17347 210
17350 209
17353 208
17358 207
17360 206
17364 205
17367 204
17371 203
17376 202
17381 201
17385 200
17387 199
17389 198
17392 197
17395 196
17400 195
17401 194
17405 193
17407 192
17410 191
17414 190
17415 189
17420 188
17424 187
17426 186
17430 185
17432 184
17436 183
17439 182
17441 181
17442 180
17445 179
17447 178
17450 177
17454 176
17455 175
17458 174
17462 173
17464 172
17467 171
17468 170
17473 169
17476 168
17477 167
17480 166
17481 165
17483 164
17484 163
17486 162
17490 161
17492 160
17494 159
17497 158
17500 157
17504 156
17509 155
17511 154
17515 153
17518 152
17519 151
17522 150
17523 149
17528 148
17532 147
17534 146
17538 145
17540 144
17545 143
17550 142
17553 141
17555 140
17557 139
17562 138
17566 137
17571 136
17576 135
17580 134
17583 133
17587 132
17590 131
17591 130
17593 129
17595 128
17596 127
17601 126
17605 125
17607 124
17608 123
17610 122
17614 121
17617 120
17619 119
17621 118
17624 117
17626 116
17631 115
17635 114
17638 113
17640 112
17641 111
17644 110
17646 109
17648 108
17652 107
17654 106
17657 105
17659 104
17664 103
17668 102
17672 101
17674 100
17677 99
17680 98
17682 97
17687 96
17690 95
17691 94
17692 93
17696 92
17697 91
17700 90
17703 89
17708 88
17709 87
17714 86
17715 85
17716 84
17718 83
17723 82
17727 81
17730 80
17731 79
17736 78
17739 77
17741 76
17743 75
17746 74
17749 73
17754 72
17758 71
17761 70
17762 69
17763 68
17764 67
17765 66
17769 65
17770 64
17775 63
17778 62
17782 61
17783 60
17786 59
17788 58
17793 57
17794 56
17797 55
17799 54
17804 53
17805 52
17808 51
17812 50
17817 49
17821 48
17824 47
17827 46
17829 45
17831 44
17836 43
17837 42
17838 41
17840 40
17843 39
17845 38
17848 37
17849 36
17853 35
17856 34
17861 33
17865 32
17866 31
17871 30
17875 29
17880 28
17885 27
17886 26
17889 25
17894 24
17895 23
17900 22
17902 21
17905 20
17906 19
17909 18
17911 17
17913 16
17915 15
17918 14
17923 13
17926 12
17928 11
17932 10
17935 9
17937 8
17938 7
17943 6
17946 5
17947 4
17950 3
17951 2
17955 1
17959 0
