6000
1 38765
6531 28967
29623 6113
41642 6072
42220 6007
43040 6004
43913 5994
44000 5993
44006 5992
44007 5991
44008 5990
44009 5989
44010 5988
44011 5987
44012 5986
44013 5985
44014 5984
44015 5983
44016 5982
44017 5981
44018 5980
44019 5979
44020 5978
44021 5977
44022 5976
44023 5975
44024 5974
44025 5973
44026 5972
44027 5971
44028 5970
44029 5969
44030 5968
44031 5967
44032 5966
44033 5965
44034 5964
44035 5963
44036 5962
44037 5961
44038 5960
44039 5959
44040 5958
44041 5957
44042 5956
44043 5955
44044 5954
44045 5953
44046 5952
44047 5951
44048 5950
44049 5949
44050 5948
44051 5947
44052 5946
44053 5945
44054 5944
44055 5943
44056 5942
44057 5941
44058 5940
44059 5939
44060 5938
44061 5937
44062 5936
44063 5935
44064 5934
44065 5933
44066 5932
44067 5931
44068 5930
44069 5929
44070 5928
44071 5927
44072 5926
44073 5925
44074 5924
44075 5923
44076 5922
44077 5921
44078 5920
44079 5919
44080 5918
44081 5917
44082 5916
44083 5915
44084 5914
44085 5913
44086 5912
44087 5911
44088 5910
44089 5909
44090 5908
44091 5907
44092 5906
44093 5905
44094 5904
44095 5903
44096 5902
44097 5901
44098 5900
44099 5899
44100 5898
44101 5897
44102 5896
44103 5895
44104 5894
44105 5893
44106 5892
44107 5891
44108 5890
44109 5889
44110 5888
44111 5887
44112 5886
44113 5885
44114 5884
44115 5883
44116 5882
44117 5881
44118 5880
44119 5879
44120 5878
44121 5877
44122 5876
44123 5875
44124 5874
44125 5873
44126 5872
44127 5871
44128 5870
44129 5869
44130 5868
44131 5867
44132 5866
44133 5865
44134 5864
44135 5863
44136 5862
44137 5861
44138 5860
44139 5859
44140 5858
44141 5857
44142 5856
44143 5855
44144 5854
44145 5853
44146 5852
44147 5851
44148 5850
44149 5849
44150 5848
44151 5847
44152 5846
44153 5845
44154 5844
44155 5843
44156 5842
44157 5841
44158 5840
44159 5839
44160 5838
44161 5837
44162 5836
44163 5835
44164 5834
44165 5833
44166 5832
44167 5831
44168 5830
44169 5829
44170 5828
44171 5827
44172 5826
44173 5825
44174 5824
44175 5823
44176 5822
44177 5821
44178 5820
44179 5819
44180 5818
44181 5817
44182 5816
44183 5815
44184 5814
44185 5813
44186 5812
44187 5811
44188 5810
44189 5809
44190 5808
44191 5807
44192 5806
44193 5805
44194 5804
44195 5803
44196 5802
44197 5801
44198 5800
44199 5799
44200 5798
44201 5797
44202 5796
44203 5795
44204 5794
44205 5793
44206 5792
44207 5791
44208 5790
44209 5789
44210 5788
44211 5787
44212 5786
44213 5785
44214 5784
44215 5783
44216 5782
44217 5781
44218 5780
44219 5779
44220 5778
44221 5777
44222 5776
44223 5775
44224 5774
44225 5773
44226 5772
44227 5771
44228 5770
44229 5769
44230 5768
44231 5767
44232 5766
44233 5765
44234 5764
44235 5763
44236 5762
44237 5761
44238 5760
44239 5759
44240 5758
44241 5757
44242 5756
44243 5755
44244 5754
44245 5753
44246 5752
44247 5751
44248 5750
44249 5749
44250 5748
44251 5747
44252 5746
44253 5745
44254 5744
44255 5743
44256 5742
44257 5741
44258 5740
44259 5739
44260 5738
44261 5737
44262 5736
44263 5735
44264 5734
44265 5733
44266 5732
44267 5731
44268 5730
44269 5729
44270 5728
44271 5727
44272 5726
44273 5725
44274 5724
44275 5723
44276 5722
44277 5721
44278 5720
44279 5719
44280 5718
44281 5717
44282 5716
44283 5715
44284 5714
44285 5713
44286 5712
44287 5711
44288 5710
44289 5709
44290 5708
44291 5707
44292 5706
44293 5705
44294 5704
44295 5703
44296 5702
44297 5701
44298 5700
44299 5699
44300 5698
44301 5697
44302 5696
44303 5695
44304 5694
44305 5693
44306 5692
44307 5691
44308 5690
44309 5689
44310 5688
44311 5687
44312 5686
44313 5685
44314 5684
44315 5683
44316 5682
44317 5681
44318 5680
44319 5679
44320 5678
44321 5677
44322 5676
44323 5675
44324 5674
44325 5673
44326 5672
44327 5671
44328 5670
44329 5669
44330 5668
44331 5667
44332 5666
44333 5665
44334 5664
44335 5663
44336 5662
44337 5661
44338 5660
44339 5659
44340 5658
44341 5657
44342 5656
44343 5655
44344 5654
44345 5653
44346 5652
44347 5651
44348 5650
44349 5649
44350 5648
44351 5647
44352 5646
44353 5645
44354 5644
44355 5643
44356 5642
44357 5641
44358 5640
44359 5639
44360 5638
44361 5637
44362 5636
44363 5635
44364 5634
44365 5633
44366 5632
44367 5631
44368 5630
44369 5629
44370 5628
44371 5627
44372 5626
44373 5625
44374 5624
44375 5623
44376 5622
44377 5621
44378 5620
44379 5619
44380 5618
44381 5617
44382 5616
44383 5615
44384 5614
44385 5613
44386 5612
44387 5611
44388 5610
44389 5609
44390 5608
44391 5607
44392 5606
44393 5605
44394 5604
44395 5603
44396 5602
44397 5601
44398 5600
44399 5599
44400 5598
44401 5597
44402 5596
44403 5595
44404 5594
44405 5593
44406 5592
44407 5591
44408 5590
44409 5589
44410 5588
44411 5587
44412 5586
44413 5585
44414 5584
44415 5583
44416 5582
44417 5581
44418 5580
44419 5579
44420 5578
44421 5577
44422 5576
44423 5575
44424 5574
44425 5573
44426 5572
44427 5571
44428 5570
44429 5569
44430 5568
44431 5567
44432 5566
44433 5565
44434 5564
44435 5563
44436 5562
44437 5561
44438 5560
44439 5559
44440 5558
44441 5557
44442 5556
44443 5555
44444 5554
44445 5553
44446 5552
44447 5551
44448 5550
44449 5549
44450 5548
44451 5547
44452 5546
44453 5545
44454 5544
44455 5543
44456 5542
44457 5541
44458 5540
44459 5539
44460 5538
44461 5537
44462 5536
44463 5535
44464 5534
44465 5533
44466 5532
44467 5531
44468 5530
44469 5529
44470 5528
44471 5527
44472 5526
44473 5525
44474 5524
44475 5523
44476 5522
44477 5521
44478 5520
44479 5519
44480 5518
44481 5517
44482 5516
44483 5515
44484 5514
44485 5513
44486 5512
44487 5511
44488 5510
44489 5509
44490 5508
44491 5507
44492 5506
44493 5505
44494 5504
44495 5503
44496 5502
44497 5501
44498 5500
44499 5499
44500 5498
44501 5497
44502 5496
44503 5495
44504 5494
44505 5493
44506 5492
44507 5491
44508 5490
44509 5489
44510 5488
44511 5487
44512 5486
44513 5485
44514 5484
44515 5483
44516 5482
44517 5481
44518 5480
44519 5479
44520 5478
44521 5477
44522 5476
44523 5475
44524 5474
44525 5473
44526 5472
44527 5471
44528 5470
44529 5469
44530 5468
44531 5467
44532 5466
44533 5465
44534 5464
44535 5463
44536 5462
44537 5461
44538 5460
44539 5459
44540 5458
44541 5457
44542 5456
44543 5455
44544 5454
44545 5453
44546 5452
44547 5451
44548 5450
44549 5449
44550 5448
44551 5447
44552 5446
44553 5445
44554 5444
44555 5443
44556 5442
44557 5441
44558 5440
44559 5439
44560 5438
44561 5437
44562 5436
44563 5435
44564 5434
44565 5433
44566 5432
44567 5431
44568 5430
44569 5429
44570 5428
44571 5427
44572 5426
44573 5425
44574 5424
44575 5423
44576 5422
44577 5421
44578 5420
44579 5419
44580 5418
44581 5417
44582 5416
44583 5415
44584 5414
44585 5413
44586 5412
44587 5411
44588 5410
44589 5409
44590 5408
44591 5407
44592 5406
44593 5405
44594 5404
44595 5403
44596 5402
44597 5401
44598 5400
44599 5399
44600 5398
44601 5397
44602 5396
44603 5395
44604 5394
44605 5393
44606 5392
44607 5391
44608 5390
44609 5389
44610 5388
44611 5387
44612 5386
44613 5385
44614 5384
44615 5383
44616 5382
44617 5381
44618 5380
44619 5379
44620 5378
44621 5377
44622 5376
44623 5375
44624 5374
44625 5373
44626 5372
44627 5371
44628 5370
44629 5369
44630 5368
44631 5367
44632 5366
44633 5365
44634 5364
44635 5363
44636 5362
44637 5361
44638 5360
44639 5359
44640 5358
44641 5357
44642 5356
44643 5355
44644 5354
44645 5353
44646 5352
44647 5351
44648 5350
44649 5349
44650 5348
44651 5347
44652 5346
44653 5345
44654 5344
44655 5343
44656 5342
44657 5341
44658 5340
44659 5339
44660 5338
44661 5337
44662 5336
44663 5335
44664 5334
44665 5333
44666 5332
44667 5331
44668 5330
44669 5329
44670 5328
44671 5327
44672 5326
44673 5325
44674 5324
44675 5323
44676 5322
44677 5321
44678 5320
44679 5319
44680 5318
44681 5317
44682 5316
44683 5315
44684 5314
44685 5313
44686 5312
44687 5311
44688 5310
44689 5309
44690 5308
44691 5307
44692 5306
44693 5305
44694 5304
44695 5303
44696 5302
44697 5301
44698 5300
44699 5299
44700 5298
44701 5297
44702 5296
44703 5295
44704 5294
44705 5293
44706 5292
44707 5291
44708 5290
44709 5289
44710 5288
44711 5287
44712 5286
44713 5285
44714 5284
44715 5283
44716 5282
44717 5281
44718 5280
44719 5279
44720 5278
44721 5277
44722 5276
44723 5275
44724 5274
44725 5273
44726 5272
44727 5271
44728 5270
44729 5269
44730 5268
44731 5267
44732 5266
44733 5265
44734 5264
44735 5263
44736 5262
44737 5261
44738 5260
44739 5259
44740 5258
44741 5257
44742 5256
44743 5255
44744 5254
44745 5253
44746 5252
44747 5251
44748 5250
44749 5249
44750 5248
44751 5247
44752 5246
44753 5245
44754 5244
44755 5243
44756 5242
44757 5241
44758 5240
44759 5239
44760 5238
44761 5237
44762 5236
44763 5235
44764 5234
44765 5233
44766 5232
44767 5231
44768 5230
44769 5229
44770 5228
44771 5227
44772 5226
44773 5225
44774 5224
44775 5223
44776 5222
44777 5221
44778 5220
44779 5219
44780 5218
44781 5217
44782 5216
44783 5215
44784 5214
44785 5213
44786 5212
44787 5211
44788 5210
44789 5209
44790 5208
44791 5207
44792 5206
44793 5205
44794 5204
44795 5203
44796 5202
44797 5201
44798 5200
44799 5199
44800 5198
44801 5197
44802 5196
44803 5195
44804 5194
44805 5193
44806 5192
44807 5191
44808 5190
44809 5189
44810 5188
44811 5187
44812 5186
44813 5185
44814 5184
44815 5183
44816 5182
44817 5181
44818 5180
44819 5179
44820 5178
44821 5177
44822 5176
44823 5175
44824 5174
44825 5173
44826 5172
44827 5171
44828 5170
44829 5169
44830 5168
44831 5167
44832 5166
44833 5165
44834 5164
44835 5163
44836 5162
44837 5161
44838 5160
44839 5159
44840 5158
44841 5157
44842 5156
44843 5155
44844 5154
44845 5153
44846 5152
44847 5151
44848 5150
44849 5149
44850 5148
44851 5147
44852 5146
44853 5145
44854 5144
44855 5143
44856 5142
44857 5141
44858 5140
44859 5139
44860 5138
44861 5137
44862 5136
44863 5135
44864 5134
44865 5133
44866 5132
44867 5131
44868 5130
44869 5129
44870 5128
44871 5127
44872 5126
44873 5125
44874 5124
44875 5123
44876 5122
44877 5121
44878 5120
44879 5119
44880 5118
44881 5117
44882 5116
44883 5115
44884 5114
44885 5113
44886 5112
44887 5111
44888 5110
44889 5109
44890 5108
44891 5107
44892 5106
44893 5105
44894 5104
44895 5103
44896 5102
44897 5101
44898 5100
44899 5099
44900 5098
44901 5097
44902 5096
44903 5095
44904 5094
44905 5093
44906 5092
44907 5091
44908 5090
44909 5089
44910 5088
44911 5087
44912 5086
44913 5085
44914 5084
44915 5083
44916 5082
44917 5081
44918 5080
44919 5079
44920 5078
44921 5077
44922 5076
44923 5075
44924 5074
44925 5073
44926 5072
44927 5071
44928 5070
44929 5069
44930 5068
44931 5067
44932 5066
44933 5065
44934 5064
44935 5063
44936 5062
44937 5061
44938 5060
44939 5059
44940 5058
44941 5057
44942 5056
44943 5055
44944 5054
44945 5053
44946 5052
44947 5051
44948 5050
44949 5049
44950 5048
44951 5047
44952 5046
44953 5045
44954 5044
44955 5043
44956 5042
44957 5041
44958 5040
44959 5039
44960 5038
44961 5037
44962 5036
44963 5035
44964 5034
44965 5033
44966 5032
44967 5031
44968 5030
44969 5029
44970 5028
44971 5027
44972 5026
44973 5025
44974 5024
44975 5023
44976 5022
44977 5021
44978 5020
44979 5019
44980 5018
44981 5017
44982 5016
44983 5015
44984 5014
44985 5013
44986 5012
44987 5011
44988 5010
44989 5009
44990 5008
44991 5007
44992 5006
44993 5005
44994 5004
44995 5003
44996 5002
44997 5001
44998 5000
44999 4999
45000 4998
45001 4997
45002 4996
45003 4995
45004 4994
45005 4993
45006 4992
45007 4991
45008 4990
45009 4989
45010 4988
45011 4987
45012 4986
45013 4985
45014 4984
45015 4983
45016 4982
45017 4981
45018 4980
45019 4979
45020 4978
45021 4977
45022 4976
45023 4975
45024 4974
45025 4973
45026 4972
45027 4971
45028 4970
45029 4969
45030 4968
45031 4967
45032 4966
45033 4965
45034 4964
45035 4963
45036 4962
45037 4961
45038 4960
45039 4959
45040 4958
45041 4957
45042 4956
45043 4955
45044 4954
45045 4953
45046 4952
45047 4951
45048 4950
45049 4949
45050 4948
45051 4947
45052 4946
45053 4945
45054 4944
45055 4943
45056 4942
45057 4941
45058 4940
45059 4939
45060 4938
45061 4937
45062 4936
45063 4935
45064 4934
45065 4933
45066 4932
45067 4931
45068 4930
45069 4929
45070 4928
45071 4927
45072 4926
45073 4925
45074 4924
45075 4923
45076 4922
45077 4921
45078 4920
45079 4919
45080 4918
45081 4917
45082 4916
45083 4915
45084 4914
45085 4913
45086 4912
45087 4911
45088 4910
45089 4909
45090 4908
45091 4907
45092 4906
45093 4905
45094 4904
45095 4903
45096 4902
45097 4901
45098 4900
45099 4899
45100 4898
45101 4897
45102 4896
45103 4895
45104 4894
45105 4893
45106 4892
45107 4891
45108 4890
45109 4889
45110 4888
45111 4887
45112 4886
45113 4885
45114 4884
45115 4883
45116 4882
45117 4881
45118 4880
45119 4879
45120 4878
45121 4877
45122 4876
45123 4875
45124 4874
45125 4873
45126 4872
45127 4871
45128 4870
45129 4869
45130 4868
45131 4867
45132 4866
45133 4865
45134 4864
45135 4863
45136 4862
45137 4861
45138 4860
45139 4859
45140 4858
45141 4857
45142 4856
45143 4855
45144 4854
45145 4853
45146 4852
45147 4851
45148 4850
45149 4849
45150 4848
45151 4847
45152 4846
45153 4845
45154 4844
45155 4843
45156 4842
45157 4841
45158 4840
45159 4839
45160 4838
45161 4837
45162 4836
45163 4835
45164 4834
45165 4833
45166 4832
45167 4831
45168 4830
45169 4829
45170 4828
45171 4827
45172 4826
45173 4825
45174 4824
45175 4823
45176 4822
45177 4821
45178 4820
45179 4819
45180 4818
45181 4817
45182 4816
45183 4815
45184 4814
45185 4813
45186 4812
45187 4811
45188 4810
45189 4809
45190 4808
45191 4807
45192 4806
45193 4805
45194 4804
45195 4803
45196 4802
45197 4801
45198 4800
45199 4799
45200 4798
45201 4797
45202 4796
45203 4795
45204 4794
45205 4793
45206 4792
45207 4791
45208 4790
45209 4789
45210 4788
45211 4787
45212 4786
45213 4785
45214 4784
45215 4783
45216 4782
45217 4781
45218 4780
45219 4779
45220 4778
45221 4777
45222 4776
45223 4775
45224 4774
45225 4773
45226 4772
45227 4771
45228 4770
45229 4769
45230 4768
45231 4767
45232 4766
45233 4765
45234 4764
45235 4763
45236 4762
45237 4761
45238 4760
45239 4759
45240 4758
45241 4757
45242 4756
45243 4755
45244 4754
45245 4753
45246 4752
45247 4751
45248 4750
45249 4749
45250 4748
45251 4747
45252 4746
45253 4745
45254 4744
45255 4743
45256 4742
45257 4741
45258 4740
45259 4739
45260 4738
45261 4737
45262 4736
45263 4735
45264 4734
45265 4733
45266 4732
45267 4731
45268 4730
45269 4729
45270 4728
45271 4727
45272 4726
45273 4725
45274 4724
45275 4723
45276 4722
45277 4721
45278 4720
45279 4719
45280 4718
45281 4717
45282 4716
45283 4715
45284 4714
45285 4713
45286 4712
45287 4711
45288 4710
45289 4709
45290 4708
45291 4707
45292 4706
45293 4705
45294 4704
45295 4703
45296 4702
45297 4701
45298 4700
45299 4699
45300 4698
45301 4697
45302 4696
45303 4695
45304 4694
45305 4693
45306 4692
45307 4691
45308 4690
45309 4689
45310 4688
45311 4687
45312 4686
45313 4685
45314 4684
45315 4683
45316 4682
45317 4681
45318 4680
45319 4679
45320 4678
45321 4677
45322 4676
45323 4675
45324 4674
45325 4673
45326 4672
45327 4671
45328 4670
45329 4669
45330 4668
45331 4667
45332 4666
45333 4665
45334 4664
45335 4663
45336 4662
45337 4661
45338 4660
45339 4659
45340 4658
45341 4657
45342 4656
45343 4655
45344 4654
45345 4653
45346 4652
45347 4651
45348 4650
45349 4649
45350 4648
45351 4647
45352 4646
45353 4645
45354 4644
45355 4643
45356 4642
45357 4641
45358 4640
45359 4639
45360 4638
45361 4637
45362 4636
45363 4635
45364 4634
45365 4633
45366 4632
45367 4631
45368 4630
45369 4629
45370 4628
45371 4627
45372 4626
45373 4625
45374 4624
45375 4623
45376 4622
45377 4621
45378 4620
45379 4619
45380 4618
45381 4617
45382 4616
45383 4615
45384 4614
45385 4613
45386 4612
45387 4611
45388 4610
45389 4609
45390 4608
45391 4607
45392 4606
45393 4605
45394 4604
45395 4603
45396 4602
45397 4601
45398 4600
45399 4599
45400 4598
45401 4597
45402 4596
45403 4595
45404 4594
45405 4593
45406 4592
45407 4591
45408 4590
45409 4589
45410 4588
45411 4587
45412 4586
45413 4585
45414 4584
45415 4583
45416 4582
45417 4581
45418 4580
45419 4579
45420 4578
45421 4577
45422 4576
45423 4575
45424 4574
45425 4573
45426 4572
45427 4571
45428 4570
45429 4569
45430 4568
45431 4567
45432 4566
45433 4565
45434 4564
45435 4563
45436 4562
45437 4561
45438 4560
45439 4559
45440 4558
45441 4557
45442 4556
45443 4555
45444 4554
45445 4553
45446 4552
45447 4551
45448 4550
45449 4549
45450 4548
45451 4547
45452 4546
45453 4545
45454 4544
45455 4543
45456 4542
45457 4541
45458 4540
45459 4539
45460 4538
45461 4537
45462 4536
45463 4535
45464 4534
45465 4533
45466 4532
45467 4531
45468 4530
45469 4529
45470 4528
45471 4527
45472 4526
45473 4525
45474 4524
45475 4523
45476 4522
45477 4521
45478 4520
45479 4519
45480 4518
45481 4517
45482 4516
45483 4515
45484 4514
45485 4513
45486 4512
45487 4511
45488 4510
45489 4509
45490 4508
45491 4507
45492 4506
45493 4505
45494 4504
45495 4503
45496 4502
45497 4501
45498 4500
45499 4499
45500 4498
45501 4497
45502 4496
45503 4495
45504 4494
45505 4493
45506 4492
45507 4491
45508 4490
45509 4489
45510 4488
45511 4487
45512 4486
45513 4485
45514 4484
45515 4483
45516 4482
45517 4481
45518 4480
45519 4479
45520 4478
45521 4477
45522 4476
45523 4475
45524 4474
45525 4473
45526 4472
45527 4471
45528 4470
45529 4469
45530 4468
45531 4467
45532 4466
45533 4465
45534 4464
45535 4463
45536 4462
45537 4461
45538 4460
45539 4459
45540 4458
45541 4457
45542 4456
45543 4455
45544 4454
45545 4453
45546 4452
45547 4451
45548 4450
45549 4449
45550 4448
45551 4447
45552 4446
45553 4445
45554 4444
45555 4443
45556 4442
45557 4441
45558 4440
45559 4439
45560 4438
45561 4437
45562 4436
45563 4435
45564 4434
45565 4433
45566 4432
45567 4431
45568 4430
45569 4429
45570 4428
45571 4427
45572 4426
45573 4425
45574 4424
45575 4423
45576 4422
45577 4421
45578 4420
45579 4419
45580 4418
45581 4417
45582 4416
45583 4415
45584 4414
45585 4413
45586 4412
45587 4411
45588 4410
45589 4409
45590 4408
45591 4407
45592 4406
45593 4405
45594 4404
45595 4403
45596 4402
45597 4401
45598 4400
45599 4399
45600 4398
45601 4397
45602 4396
45603 4395
45604 4394
45605 4393
45606 4392
45607 4391
45608 4390
45609 4389
45610 4388
45611 4387
45612 4386
45613 4385
45614 4384
45615 4383
45616 4382
45617 4381
45618 4380
45619 4379
45620 4378
45621 4377
45622 4376
45623 4375
45624 4374
45625 4373
45626 4372
45627 4371
45628 4370
45629 4369
45630 4368
45631 4367
45632 4366
45633 4365
45634 4364
45635 4363
45636 4362
45637 4361
45638 4360
45639 4359
45640 4358
45641 4357
45642 4356
45643 4355
45644 4354
45645 4353
45646 4352
45647 4351
45648 4350
45649 4349
45650 4348
45651 4347
45652 4346
45653 4345
45654 4344
45655 4343
45656 4342
45657 4341
45658 4340
45659 4339
45660 4338
45661 4337
45662 4336
45663 4335
45664 4334
45665 4333
45666 4332
45667 4331
45668 4330
45669 4329
45670 4328
45671 4327
45672 4326
45673 4325
45674 4324
45675 4323
45676 4322
45677 4321
45678 4320
45679 4319
45680 4318
45681 4317
45682 4316
45683 4315
45684 4314
45685 4313
45686 4312
45687 4311
45688 4310
45689 4309
45690 4308
45691 4307
45692 4306
45693 4305
45694 4304
45695 4303
45696 4302
45697 4301
45698 4300
45699 4299
45700 4298
45701 4297
45702 4296
45703 4295
45704 4294
45705 4293
45706 4292
45707 4291
45708 4290
45709 4289
45710 4288
45711 4287
45712 4286
45713 4285
45714 4284
45715 4283
45716 4282
45717 4281
45718 4280
45719 4279
45720 4278
45721 4277
45722 4276
45723 4275
45724 4274
45725 4273
45726 4272
45727 4271
45728 4270
45729 4269
45730 4268
45731 4267
45732 4266
45733 4265
45734 4264
45735 4263
45736 4262
45737 4261
45738 4260
45739 4259
45740 4258
45741 4257
45742 4256
45743 4255
45744 4254
45745 4253
45746 4252
45747 4251
45748 4250
45749 4249
45750 4248
45751 4247
45752 4246
45753 4245
45754 4244
45755 4243
45756 4242
45757 4241
45758 4240
45759 4239
45760 4238
45761 4237
45762 4236
45763 4235
45764 4234
45765 4233
45766 4232
45767 4231
45768 4230
45769 4229
45770 4228
45771 4227
45772 4226
45773 4225
45774 4224
45775 4223
45776 4222
45777 4221
45778 4220
45779 4219
45780 4218
45781 4217
45782 4216
45783 4215
45784 4214
45785 4213
45786 4212
45787 4211
45788 4210
45789 4209
45790 4208
45791 4207
45792 4206
45793 4205
45794 4204
45795 4203
45796 4202
45797 4201
45798 4200
45799 4199
45800 4198
45801 4197
45802 4196
45803 4195
45804 4194
45805 4193
45806 4192
45807 4191
45808 4190
45809 4189
45810 4188
45811 4187
45812 4186
45813 4185
45814 4184
45815 4183
45816 4182
45817 4181
45818 4180
45819 4179
45820 4178
45821 4177
45822 4176
45823 4175
45824 4174
45825 4173
45826 4172
45827 4171
45828 4170
45829 4169
45830 4168
45831 4167
45832 4166
45833 4165
45834 4164
45835 4163
45836 4162
45837 4161
45838 4160
45839 4159
45840 4158
45841 4157
45842 4156
45843 4155
45844 4154
45845 4153
45846 4152
45847 4151
45848 4150
45849 4149
45850 4148
45851 4147
45852 4146
45853 4145
45854 4144
45855 4143
45856 4142
45857 4141
45858 4140
45859 4139
45860 4138
45861 4137
45862 4136
45863 4135
45864 4134
45865 4133
45866 4132
45867 4131
45868 4130
45869 4129
45870 4128
45871 4127
45872 4126
45873 4125
45874 4124
45875 4123
45876 4122
45877 4121
45878 4120
45879 4119
45880 4118
45881 4117
45882 4116
45883 4115
45884 4114
45885 4113
45886 4112
45887 4111
45888 4110
45889 4109
45890 4108
45891 4107
45892 4106
45893 4105
45894 4104
45895 4103
45896 4102
45897 4101
45898 4100
45899 4099
45900 4098
45901 4097
45902 4096
45903 4095
45904 4094
45905 4093
45906 4092
45907 4091
45908 4090
45909 4089
45910 4088
45911 4087
45912 4086
45913 4085
45914 4084
45915 4083
45916 4082
45917 4081
45918 4080
45919 4079
45920 4078
45921 4077
45922 4076
45923 4075
45924 4074
45925 4073
45926 4072
45927 4071
45928 4070
45929 4069
45930 4068
45931 4067
45932 4066
45933 4065
45934 4064
45935 4063
45936 4062
45937 4061
45938 4060
45939 4059
45940 4058
45941 4057
45942 4056
45943 4055
45944 4054
45945 4053
45946 4052
45947 4051
45948 4050
45949 4049
45950 4048
45951 4047
45952 4046
45953 4045
45954 4044
45955 4043
45956 4042
45957 4041
45958 4040
45959 4039
45960 4038
45961 4037
45962 4036
45963 4035
45964 4034
45965 4033
45966 4032
45967 4031
45968 4030
45969 4029
45970 4028
45971 4027
45972 4026
45973 4025
45974 4024
45975 4023
45976 4022
45977 4021
45978 4020
45979 4019
45980 4018
45981 4017
45982 4016
45983 4015
45984 4014
45985 4013
45986 4012
45987 4011
45988 4010
45989 4009
45990 4008
45991 4007
45992 4006
45993 4005
45994 4004
45995 4003
45996 4002
45997 4001
45998 4000
45999 3999
46000 3998
46001 3997
46002 3996
46003 3995
46004 3994
46005 3993
46006 3992
46007 3991
46008 3990
46009 3989
46010 3988
46011 3987
46012 3986
46013 3985
46014 3984
46015 3983
46016 3982
46017 3981
46018 3980
46019 3979
46020 3978
46021 3977
46022 3976
46023 3975
46024 3974
46025 3973
46026 3972
46027 3971
46028 3970
46029 3969
46030 3968
46031 3967
46032 3966
46033 3965
46034 3964
46035 3963
46036 3962
46037 3961
46038 3960
46039 3959
46040 3958
46041 3957
46042 3956
46043 3955
46044 3954
46045 3953
46046 3952
46047 3951
46048 3950
46049 3949
46050 3948
46051 3947
46052 3946
46053 3945
46054 3944
46055 3943
46056 3942
46057 3941
46058 3940
46059 3939
46060 3938
46061 3937
46062 3936
46063 3935
46064 3934
46065 3933
46066 3932
46067 3931
46068 3930
46069 3929
46070 3928
46071 3927
46072 3926
46073 3925
46074 3924
46075 3923
46076 3922
46077 3921
46078 3920
46079 3919
46080 3918
46081 3917
46082 3916
46083 3915
46084 3914
46085 3913
46086 3912
46087 3911
46088 3910
46089 3909
46090 3908
46091 3907
46092 3906
46093 3905
46094 3904
46095 3903
46096 3902
46097 3901
46098 3900
46099 3899
46100 3898
46101 3897
46102 3896
46103 3895
46104 3894
46105 3893
46106 3892
46107 3891
46108 3890
46109 3889
46110 3888
46111 3887
46112 3886
46113 3885
46114 3884
46115 3883
46116 3882
46117 3881
46118 3880
46119 3879
46120 3878
46121 3877
46122 3876
46123 3875
46124 3874
46125 3873
46126 3872
46127 3871
46128 3870
46129 3869
46130 3868
46131 3867
46132 3866
46133 3865
46134 3864
46135 3863
46136 3862
46137 3861
46138 3860
46139 3859
46140 3858
46141 3857
46142 3856
46143 3855
46144 3854
46145 3853
46146 3852
46147 3851
46148 3850
46149 3849
46150 3848
46151 3847
46152 3846
46153 3845
46154 3844
46155 3843
46156 3842
46157 3841
46158 3840
46159 3839
46160 3838
46161 3837
46162 3836
46163 3835
46164 3834
46165 3833
46166 3832
46167 3831
46168 3830
46169 3829
46170 3828
46171 3827
46172 3826
46173 3825
46174 3824
46175 3823
46176 3822
46177 3821
46178 3820
46179 3819
46180 3818
46181 3817
46182 3816
46183 3815
46184 3814
46185 3813
46186 3812
46187 3811
46188 3810
46189 3809
46190 3808
46191 3807
46192 3806
46193 3805
46194 3804
46195 3803
46196 3802
46197 3801
46198 3800
46199 3799
46200 3798
46201 3797
46202 3796
46203 3795
46204 3794
46205 3793
46206 3792
46207 3791
46208 3790
46209 3789
46210 3788
46211 3787
46212 3786
46213 3785
46214 3784
46215 3783
46216 3782
46217 3781
46218 3780
46219 3779
46220 3778
46221 3777
46222 3776
46223 3775
46224 3774
46225 3773
46226 3772
46227 3771
46228 3770
46229 3769
46230 3768
46231 3767
46232 3766
46233 3765
46234 3764
46235 3763
46236 3762
46237 3761
46238 3760
46239 3759
46240 3758
46241 3757
46242 3756
46243 3755
46244 3754
46245 3753
46246 3752
46247 3751
46248 3750
46249 3749
46250 3748
46251 3747
46252 3746
46253 3745
46254 3744
46255 3743
46256 3742
46257 3741
46258 3740
46259 3739
46260 3738
46261 3737
46262 3736
46263 3735
46264 3734
46265 3733
46266 3732
46267 3731
46268 3730
46269 3729
46270 3728
46271 3727
46272 3726
46273 3725
46274 3724
46275 3723
46276 3722
46277 3721
46278 3720
46279 3719
46280 3718
46281 3717
46282 3716
46283 3715
46284 3714
46285 3713
46286 3712
46287 3711
46288 3710
46289 3709
46290 3708
46291 3707
46292 3706
46293 3705
46294 3704
46295 3703
46296 3702
46297 3701
46298 3700
46299 3699
46300 3698
46301 3697
46302 3696
46303 3695
46304 3694
46305 3693
46306 3692
46307 3691
46308 3690
46309 3689
46310 3688
46311 3687
46312 3686
46313 3685
46314 3684
46315 3683
46316 3682
46317 3681
46318 3680
46319 3679
46320 3678
46321 3677
46322 3676
46323 3675
46324 3674
46325 3673
46326 3672
46327 3671
46328 3670
46329 3669
46330 3668
46331 3667
46332 3666
46333 3665
46334 3664
46335 3663
46336 3662
46337 3661
46338 3660
46339 3659
46340 3658
46341 3657
46342 3656
46343 3655
46344 3654
46345 3653
46346 3652
46347 3651
46348 3650
46349 3649
46350 3648
46351 3647
46352 3646
46353 3645
46354 3644
46355 3643
46356 3642
46357 3641
46358 3640
46359 3639
46360 3638
46361 3637
46362 3636
46363 3635
46364 3634
46365 3633
46366 3632
46367 3631
46368 3630
46369 3629
46370 3628
46371 3627
46372 3626
46373 3625
46374 3624
46375 3623
46376 3622
46377 3621
46378 3620
46379 3619
46380 3618
46381 3617
46382 3616
46383 3615
46384 3614
46385 3613
46386 3612
46387 3611
46388 3610
46389 3609
46390 3608
46391 3607
46392 3606
46393 3605
46394 3604
46395 3603
46396 3602
46397 3601
46398 3600
46399 3599
46400 3598
46401 3597
46402 3596
46403 3595
46404 3594
46405 3593
46406 3592
46407 3591
46408 3590
46409 3589
46410 3588
46411 3587
46412 3586
46413 3585
46414 3584
46415 3583
46416 3582
46417 3581
46418 3580
46419 3579
46420 3578
46421 3577
46422 3576
46423 3575
46424 3574
46425 3573
46426 3572
46427 3571
46428 3570
46429 3569
46430 3568
46431 3567
46432 3566
46433 3565
46434 3564
46435 3563
46436 3562
46437 3561
46438 3560
46439 3559
46440 3558
46441 3557
46442 3556
46443 3555
46444 3554
46445 3553
46446 3552
46447 3551
46448 3550
46449 3549
46450 3548
46451 3547
46452 3546
46453 3545
46454 3544
46455 3543
46456 3542
46457 3541
46458 3540
46459 3539
46460 3538
46461 3537
46462 3536
46463 3535
46464 3534
46465 3533
46466 3532
46467 3531
46468 3530
46469 3529
46470 3528
46471 3527
46472 3526
46473 3525
46474 3524
46475 3523
46476 3522
46477 3521
46478 3520
46479 3519
46480 3518
46481 3517
46482 3516
46483 3515
46484 3514
46485 3513
46486 3512
46487 3511
46488 3510
46489 3509
46490 3508
46491 3507
46492 3506
46493 3505
46494 3504
46495 3503
46496 3502
46497 3501
46498 3500
46499 3499
46500 3498
46501 3497
46502 3496
46503 3495
46504 3494
46505 3493
46506 3492
46507 3491
46508 3490
46509 3489
46510 3488
46511 3487
46512 3486
46513 3485
46514 3484
46515 3483
46516 3482
46517 3481
46518 3480
46519 3479
46520 3478
46521 3477
46522 3476
46523 3475
46524 3474
46525 3473
46526 3472
46527 3471
46528 3470
46529 3469
46530 3468
46531 3467
46532 3466
46533 3465
46534 3464
46535 3463
46536 3462
46537 3461
46538 3460
46539 3459
46540 3458
46541 3457
46542 3456
46543 3455
46544 3454
46545 3453
46546 3452
46547 3451
46548 3450
46549 3449
46550 3448
46551 3447
46552 3446
46553 3445
46554 3444
46555 3443
46556 3442
46557 3441
46558 3440
46559 3439
46560 3438
46561 3437
46562 3436
46563 3435
46564 3434
46565 3433
46566 3432
46567 3431
46568 3430
46569 3429
46570 3428
46571 3427
46572 3426
46573 3425
46574 3424
46575 3423
46576 3422
46577 3421
46578 3420
46579 3419
46580 3418
46581 3417
46582 3416
46583 3415
46584 3414
46585 3413
46586 3412
46587 3411
46588 3410
46589 3409
46590 3408
46591 3407
46592 3406
46593 3405
46594 3404
46595 3403
46596 3402
46597 3401
46598 3400
46599 3399
46600 3398
46601 3397
46602 3396
46603 3395
46604 3394
46605 3393
46606 3392
46607 3391
46608 3390
46609 3389
46610 3388
46611 3387
46612 3386
46613 3385
46614 3384
46615 3383
46616 3382
46617 3381
46618 3380
46619 3379
46620 3378
46621 3377
46622 3376
46623 3375
46624 3374
46625 3373
46626 3372
46627 3371
46628 3370
46629 3369
46630 3368
46631 3367
46632 3366
46633 3365
46634 3364
46635 3363
46636 3362
46637 3361
46638 3360
46639 3359
46640 3358
46641 3357
46642 3356
46643 3355
46644 3354
46645 3353
46646 3352
46647 3351
46648 3350
46649 3349
46650 3348
46651 3347
46652 3346
46653 3345
46654 3344
46655 3343
46656 3342
46657 3341
46658 3340
46659 3339
46660 3338
46661 3337
46662 3336
46663 3335
46664 3334
46665 3333
46666 3332
46667 3331
46668 3330
46669 3329
46670 3328
46671 3327
46672 3326
46673 3325
46674 3324
46675 3323
46676 3322
46677 3321
46678 3320
46679 3319
46680 3318
46681 3317
46682 3316
46683 3315
46684 3314
46685 3313
46686 3312
46687 3311
46688 3310
46689 3309
46690 3308
46691 3307
46692 3306
46693 3305
46694 3304
46695 3303
46696 3302
46697 3301
46698 3300
46699 3299
46700 3298
46701 3297
46702 3296
46703 3295
46704 3294
46705 3293
46706 3292
46707 3291
46708 3290
46709 3289
46710 3288
46711 3287
46712 3286
46713 3285
46714 3284
46715 3283
46716 3282
46717 3281
46718 3280
46719 3279
46720 3278
46721 3277
46722 3276
46723 3275
46724 3274
46725 3273
46726 3272
46727 3271
46728 3270
46729 3269
46730 3268
46731 3267
46732 3266
46733 3265
46734 3264
46735 3263
46736 3262
46737 3261
46738 3260
46739 3259
46740 3258
46741 3257
46742 3256
46743 3255
46744 3254
46745 3253
46746 3252
46747 3251
46748 3250
46749 3249
46750 3248
46751 3247
46752 3246
46753 3245
46754 3244
46755 3243
46756 3242
46757 3241
46758 3240
46759 3239
46760 3238
46761 3237
46762 3236
46763 3235
46764 3234
46765 3233
46766 3232
46767 3231
46768 3230
46769 3229
46770 3228
46771 3227
46772 3226
46773 3225
46774 3224
46775 3223
46776 3222
46777 3221
46778 3220
46779 3219
46780 3218
46781 3217
46782 3216
46783 3215
46784 3214
46785 3213
46786 3212
46787 3211
46788 3210
46789 3209
46790 3208
46791 3207
46792 3206
46793 3205
46794 3204
46795 3203
46796 3202
46797 3201
46798 3200
46799 3199
46800 3198
46801 3197
46802 3196
46803 3195
46804 3194
46805 3193
46806 3192
46807 3191
46808 3190
46809 3189
46810 3188
46811 3187
46812 3186
46813 3185
46814 3184
46815 3183
46816 3182
46817 3181
46818 3180
46819 3179
46820 3178
46821 3177
46822 3176
46823 3175
46824 3174
46825 3173
46826 3172
46827 3171
46828 3170
46829 3169
46830 3168
46831 3167
46832 3166
46833 3165
46834 3164
46835 3163
46836 3162
46837 3161
46838 3160
46839 3159
46840 3158
46841 3157
46842 3156
46843 3155
46844 3154
46845 3153
46846 3152
46847 3151
46848 3150
46849 3149
46850 3148
46851 3147
46852 3146
46853 3145
46854 3144
46855 3143
46856 3142
46857 3141
46858 3140
46859 3139
46860 3138
46861 3137
46862 3136
46863 3135
46864 3134
46865 3133
46866 3132
46867 3131
46868 3130
46869 3129
46870 3128
46871 3127
46872 3126
46873 3125
46874 3124
46875 3123
46876 3122
46877 3121
46878 3120
46879 3119
46880 3118
46881 3117
46882 3116
46883 3115
46884 3114
46885 3113
46886 3112
46887 3111
46888 3110
46889 3109
46890 3108
46891 3107
46892 3106
46893 3105
46894 3104
46895 3103
46896 3102
46897 3101
46898 3100
46899 3099
46900 3098
46901 3097
46902 3096
46903 3095
46904 3094
46905 3093
46906 3092
46907 3091
46908 3090
46909 3089
46910 3088
46911 3087
46912 3086
46913 3085
46914 3084
46915 3083
46916 3082
46917 3081
46918 3080
46919 3079
46920 3078
46921 3077
46922 3076
46923 3075
46924 3074
46925 3073
46926 3072
46927 3071
46928 3070
46929 3069
46930 3068
46931 3067
46932 3066
46933 3065
46934 3064
46935 3063
46936 3062
46937 3061
46938 3060
46939 3059
46940 3058
46941 3057
46942 3056
46943 3055
46944 3054
46945 3053
46946 3052
46947 3051
46948 3050
46949 3049
46950 3048
46951 3047
46952 3046
46953 3045
46954 3044
46955 3043
46956 3042
46957 3041
46958 3040
46959 3039
46960 3038
46961 3037
46962 3036
46963 3035
46964 3034
46965 3033
46966 3032
46967 3031
46968 3030
46969 3029
46970 3028
46971 3027
46972 3026
46973 3025
46974 3024
46975 3023
46976 3022
46977 3021
46978 3020
46979 3019
46980 3018
46981 3017
46982 3016
46983 3015
46984 3014
46985 3013
46986 3012
46987 3011
46988 3010
46989 3009
46990 3008
46991 3007
46992 3006
46993 3005
46994 3004
46995 3003
46996 3002
46997 3001
46998 3000
46999 2999
47000 2998
47001 2997
47002 2996
47003 2995
47004 2994
47005 2993
47006 2992
47007 2991
47008 2990
47009 2989
47010 2988
47011 2987
47012 2986
47013 2985
47014 2984
47015 2983
47016 2982
47017 2981
47018 2980
47019 2979
47020 2978
47021 2977
47022 2976
47023 2975
47024 2974
47025 2973
47026 2972
47027 2971
47028 2970
47029 2969
47030 2968
47031 2967
47032 2966
47033 2965
47034 2964
47035 2963
47036 2962
47037 2961
47038 2960
47039 2959
47040 2958
47041 2957
47042 2956
47043 2955
47044 2954
47045 2953
47046 2952
47047 2951
47048 2950
47049 2949
47050 2948
47051 2947
47052 2946
47053 2945
47054 2944
47055 2943
47056 2942
47057 2941
47058 2940
47059 2939
47060 2938
47061 2937
47062 2936
47063 2935
47064 2934
47065 2933
47066 2932
47067 2931
47068 2930
47069 2929
47070 2928
47071 2927
47072 2926
47073 2925
47074 2924
47075 2923
47076 2922
47077 2921
47078 2920
47079 2919
47080 2918
47081 2917
47082 2916
47083 2915
47084 2914
47085 2913
47086 2912
47087 2911
47088 2910
47089 2909
47090 2908
47091 2907
47092 2906
47093 2905
47094 2904
47095 2903
47096 2902
47097 2901
47098 2900
47099 2899
47100 2898
47101 2897
47102 2896
47103 2895
47104 2894
47105 2893
47106 2892
47107 2891
47108 2890
47109 2889
47110 2888
47111 2887
47112 2886
47113 2885
47114 2884
47115 2883
47116 2882
47117 2881
47118 2880
47119 2879
47120 2878
47121 2877
47122 2876
47123 2875
47124 2874
47125 2873
47126 2872
47127 2871
47128 2870
47129 2869
47130 2868
47131 2867
47132 2866
47133 2865
47134 2864
47135 2863
47136 2862
47137 2861
47138 2860
47139 2859
47140 2858
47141 2857
47142 2856
47143 2855
47144 2854
47145 2853
47146 2852
47147 2851
47148 2850
47149 2849
47150 2848
47151 2847
47152 2846
47153 2845
47154 2844
47155 2843
47156 2842
47157 2841
47158 2840
47159 2839
47160 2838
47161 2837
47162 2836
47163 2835
47164 2834
47165 2833
47166 2832
47167 2831
47168 2830
47169 2829
47170 2828
47171 2827
47172 2826
47173 2825
47174 2824
47175 2823
47176 2822
47177 2821
47178 2820
47179 2819
47180 2818
47181 2817
47182 2816
47183 2815
47184 2814
47185 2813
47186 2812
47187 2811
47188 2810
47189 2809
47190 2808
47191 2807
47192 2806
47193 2805
47194 2804
47195 2803
47196 2802
47197 2801
47198 2800
47199 2799
47200 2798
47201 2797
47202 2796
47203 2795
47204 2794
47205 2793
47206 2792
47207 2791
47208 2790
47209 2789
47210 2788
47211 2787
47212 2786
47213 2785
47214 2784
47215 2783
47216 2782
47217 2781
47218 2780
47219 2779
47220 2778
47221 2777
47222 2776
47223 2775
47224 2774
47225 2773
47226 2772
47227 2771
47228 2770
47229 2769
47230 2768
47231 2767
47232 2766
47233 2765
47234 2764
47235 2763
47236 2762
47237 2761
47238 2760
47239 2759
47240 2758
47241 2757
47242 2756
47243 2755
47244 2754
47245 2753
47246 2752
47247 2751
47248 2750
47249 2749
47250 2748
47251 2747
47252 2746
47253 2745
47254 2744
47255 2743
47256 2742
47257 2741
47258 2740
47259 2739
47260 2738
47261 2737
47262 2736
47263 2735
47264 2734
47265 2733
47266 2732
47267 2731
47268 2730
47269 2729
47270 2728
47271 2727
47272 2726
47273 2725
47274 2724
47275 2723
47276 2722
47277 2721
47278 2720
47279 2719
47280 2718
47281 2717
47282 2716
47283 2715
47284 2714
47285 2713
47286 2712
47287 2711
47288 2710
47289 2709
47290 2708
47291 2707
47292 2706
47293 2705
47294 2704
47295 2703
47296 2702
47297 2701
47298 2700
47299 2699
47300 2698
47301 2697
47302 2696
47303 2695
47304 2694
47305 2693
47306 2692
47307 2691
47308 2690
47309 2689
47310 2688
47311 2687
47312 2686
47313 2685
47314 2684
47315 2683
47316 2682
47317 2681
47318 2680
47319 2679
47320 2678
47321 2677
47322 2676
47323 2675
47324 2674
47325 2673
47326 2672
47327 2671
47328 2670
47329 2669
47330 2668
47331 2667
47332 2666
47333 2665
47334 2664
47335 2663
47336 2662
47337 2661
47338 2660
47339 2659
47340 2658
47341 2657
47342 2656
47343 2655
47344 2654
47345 2653
47346 2652
47347 2651
47348 2650
47349 2649
47350 2648
47351 2647
47352 2646
47353 2645
47354 2644
47355 2643
47356 2642
47357 2641
47358 2640
47359 2639
47360 2638
47361 2637
47362 2636
47363 2635
47364 2634
47365 2633
47366 2632
47367 2631
47368 2630
47369 2629
47370 2628
47371 2627
47372 2626
47373 2625
47374 2624
47375 2623
47376 2622
47377 2621
47378 2620
47379 2619
47380 2618
47381 2617
47382 2616
47383 2615
47384 2614
47385 2613
47386 2612
47387 2611
47388 2610
47389 2609
47390 2608
47391 2607
47392 2606
47393 2605
47394 2604
47395 2603
47396 2602
47397 2601
47398 2600
47399 2599
47400 2598
47401 2597
47402 2596
47403 2595
47404 2594
47405 2593
47406 2592
47407 2591
47408 2590
47409 2589
47410 2588
47411 2587
47412 2586
47413 2585
47414 2584
47415 2583
47416 2582
47417 2581
47418 2580
47419 2579
47420 2578
47421 2577
47422 2576
47423 2575
47424 2574
47425 2573
47426 2572
47427 2571
47428 2570
47429 2569
47430 2568
47431 2567
47432 2566
47433 2565
47434 2564
47435 2563
47436 2562
47437 2561
47438 2560
47439 2559
47440 2558
47441 2557
47442 2556
47443 2555
47444 2554
47445 2553
47446 2552
47447 2551
47448 2550
47449 2549
47450 2548
47451 2547
47452 2546
47453 2545
47454 2544
47455 2543
47456 2542
47457 2541
47458 2540
47459 2539
47460 2538
47461 2537
47462 2536
47463 2535
47464 2534
47465 2533
47466 2532
47467 2531
47468 2530
47469 2529
47470 2528
47471 2527
47472 2526
47473 2525
47474 2524
47475 2523
47476 2522
47477 2521
47478 2520
47479 2519
47480 2518
47481 2517
47482 2516
47483 2515
47484 2514
47485 2513
47486 2512
47487 2511
47488 2510
47489 2509
47490 2508
47491 2507
47492 2506
47493 2505
47494 2504
47495 2503
47496 2502
47497 2501
47498 2500
47499 2499
47500 2498
47501 2497
47502 2496
47503 2495
47504 2494
47505 2493
47506 2492
47507 2491
47508 2490
47509 2489
47510 2488
47511 2487
47512 2486
47513 2485
47514 2484
47515 2483
47516 2482
47517 2481
47518 2480
47519 2479
47520 2478
47521 2477
47522 2476
47523 2475
47524 2474
47525 2473
47526 2472
47527 2471
47528 2470
47529 2469
47530 2468
47531 2467
47532 2466
47533 2465
47534 2464
47535 2463
47536 2462
47537 2461
47538 2460
47539 2459
47540 2458
47541 2457
47542 2456
47543 2455
47544 2454
47545 2453
47546 2452
47547 2451
47548 2450
47549 2449
47550 2448
47551 2447
47552 2446
47553 2445
47554 2444
47555 2443
47556 2442
47557 2441
47558 2440
47559 2439
47560 2438
47561 2437
47562 2436
47563 2435
47564 2434
47565 2433
47566 2432
47567 2431
47568 2430
47569 2429
47570 2428
47571 2427
47572 2426
47573 2425
47574 2424
47575 2423
47576 2422
47577 2421
47578 2420
47579 2419
47580 2418
47581 2417
47582 2416
47583 2415
47584 2414
47585 2413
47586 2412
47587 2411
47588 2410
47589 2409
47590 2408
47591 2407
47592 2406
47593 2405
47594 2404
47595 2403
47596 2402
47597 2401
47598 2400
47599 2399
47600 2398
47601 2397
47602 2396
47603 2395
47604 2394
47605 2393
47606 2392
47607 2391
47608 2390
47609 2389
47610 2388
47611 2387
47612 2386
47613 2385
47614 2384
47615 2383
47616 2382
47617 2381
47618 2380
47619 2379
47620 2378
47621 2377
47622 2376
47623 2375
47624 2374
47625 2373
47626 2372
47627 2371
47628 2370
47629 2369
47630 2368
47631 2367
47632 2366
47633 2365
47634 2364
47635 2363
47636 2362
47637 2361
47638 2360
47639 2359
47640 2358
47641 2357
47642 2356
47643 2355
47644 2354
47645 2353
47646 2352
47647 2351
47648 2350
47649 2349
47650 2348
47651 2347
47652 2346
47653 2345
47654 2344
47655 2343
47656 2342
47657 2341
47658 2340
47659 2339
47660 2338
47661 2337
47662 2336
47663 2335
47664 2334
47665 2333
47666 2332
47667 2331
47668 2330
47669 2329
47670 2328
47671 2327
47672 2326
47673 2325
47674 2324
47675 2323
47676 2322
47677 2321
47678 2320
47679 2319
47680 2318
47681 2317
47682 2316
47683 2315
47684 2314
47685 2313
47686 2312
47687 2311
47688 2310
47689 2309
47690 2308
47691 2307
47692 2306
47693 2305
47694 2304
47695 2303
47696 2302
47697 2301
47698 2300
47699 2299
47700 2298
47701 2297
47702 2296
47703 2295
47704 2294
47705 2293
47706 2292
47707 2291
47708 2290
47709 2289
47710 2288
47711 2287
47712 2286
47713 2285
47714 2284
47715 2283
47716 2282
47717 2281
47718 2280
47719 2279
47720 2278
47721 2277
47722 2276
47723 2275
47724 2274
47725 2273
47726 2272
47727 2271
47728 2270
47729 2269
47730 2268
47731 2267
47732 2266
47733 2265
47734 2264
47735 2263
47736 2262
47737 2261
47738 2260
47739 2259
47740 2258
47741 2257
47742 2256
47743 2255
47744 2254
47745 2253
47746 2252
47747 2251
47748 2250
47749 2249
47750 2248
47751 2247
47752 2246
47753 2245
47754 2244
47755 2243
47756 2242
47757 2241
47758 2240
47759 2239
47760 2238
47761 2237
47762 2236
47763 2235
47764 2234
47765 2233
47766 2232
47767 2231
47768 2230
47769 2229
47770 2228
47771 2227
47772 2226
47773 2225
47774 2224
47775 2223
47776 2222
47777 2221
47778 2220
47779 2219
47780 2218
47781 2217
47782 2216
47783 2215
47784 2214
47785 2213
47786 2212
47787 2211
47788 2210
47789 2209
47790 2208
47791 2207
47792 2206
47793 2205
47794 2204
47795 2203
47796 2202
47797 2201
47798 2200
47799 2199
47800 2198
47801 2197
47802 2196
47803 2195
47804 2194
47805 2193
47806 2192
47807 2191
47808 2190
47809 2189
47810 2188
47811 2187
47812 2186
47813 2185
47814 2184
47815 2183
47816 2182
47817 2181
47818 2180
47819 2179
47820 2178
47821 2177
47822 2176
47823 2175
47824 2174
47825 2173
47826 2172
47827 2171
47828 2170
47829 2169
47830 2168
47831 2167
47832 2166
47833 2165
47834 2164
47835 2163
47836 2162
47837 2161
47838 2160
47839 2159
47840 2158
47841 2157
47842 2156
47843 2155
47844 2154
47845 2153
47846 2152
47847 2151
47848 2150
47849 2149
47850 2148
47851 2147
47852 2146
47853 2145
47854 2144
47855 2143
47856 2142
47857 2141
47858 2140
47859 2139
47860 2138
47861 2137
47862 2136
47863 2135
47864 2134
47865 2133
47866 2132
47867 2131
47868 2130
47869 2129
47870 2128
47871 2127
47872 2126
47873 2125
47874 2124
47875 2123
47876 2122
47877 2121
47878 2120
47879 2119
47880 2118
47881 2117
47882 2116
47883 2115
47884 2114
47885 2113
47886 2112
47887 2111
47888 2110
47889 2109
47890 2108
47891 2107
47892 2106
47893 2105
47894 2104
47895 2103
47896 2102
47897 2101
47898 2100
47899 2099
47900 2098
47901 2097
47902 2096
47903 2095
47904 2094
47905 2093
47906 2092
47907 2091
47908 2090
47909 2089
47910 2088
47911 2087
47912 2086
47913 2085
47914 2084
47915 2083
47916 2082
47917 2081
47918 2080
47919 2079
47920 2078
47921 2077
47922 2076
47923 2075
47924 2074
47925 2073
47926 2072
47927 2071
47928 2070
47929 2069
47930 2068
47931 2067
47932 2066
47933 2065
47934 2064
47935 2063
47936 2062
47937 2061
47938 2060
47939 2059
47940 2058
47941 2057
47942 2056
47943 2055
47944 2054
47945 2053
47946 2052
47947 2051
47948 2050
47949 2049
47950 2048
47951 2047
47952 2046
47953 2045
47954 2044
47955 2043
47956 2042
47957 2041
47958 2040
47959 2039
47960 2038
47961 2037
47962 2036
47963 2035
47964 2034
47965 2033
47966 2032
47967 2031
47968 2030
47969 2029
47970 2028
47971 2027
47972 2026
47973 2025
47974 2024
47975 2023
47976 2022
47977 2021
47978 2020
47979 2019
47980 2018
47981 2017
47982 2016
47983 2015
47984 2014
47985 2013
47986 2012
47987 2011
47988 2010
47989 2009
47990 2008
47991 2007
47992 2006
47993 2005
47994 2004
47995 2003
47996 2002
47997 2001
47998 2000
47999 1999
48000 1998
48001 1997
48002 1996
48003 1995
48004 1994
48005 1993
48006 1992
48007 1991
48008 1990
48009 1989
48010 1988
48011 1987
48012 1986
48013 1985
48014 1984
48015 1983
48016 1982
48017 1981
48018 1980
48019 1979
48020 1978
48021 1977
48022 1976
48023 1975
48024 1974
48025 1973
48026 1972
48027 1971
48028 1970
48029 1969
48030 1968
48031 1967
48032 1966
48033 1965
48034 1964
48035 1963
48036 1962
48037 1961
48038 1960
48039 1959
48040 1958
48041 1957
48042 1956
48043 1955
48044 1954
48045 1953
48046 1952
48047 1951
48048 1950
48049 1949
48050 1948
48051 1947
48052 1946
48053 1945
48054 1944
48055 1943
48056 1942
48057 1941
48058 1940
48059 1939
48060 1938
48061 1937
48062 1936
48063 1935
48064 1934
48065 1933
48066 1932
48067 1931
48068 1930
48069 1929
48070 1928
48071 1927
48072 1926
48073 1925
48074 1924
48075 1923
48076 1922
48077 1921
48078 1920
48079 1919
48080 1918
48081 1917
48082 1916
48083 1915
48084 1914
48085 1913
48086 1912
48087 1911
48088 1910
48089 1909
48090 1908
48091 1907
48092 1906
48093 1905
48094 1904
48095 1903
48096 1902
48097 1901
48098 1900
48099 1899
48100 1898
48101 1897
48102 1896
48103 1895
48104 1894
48105 1893
48106 1892
48107 1891
48108 1890
48109 1889
48110 1888
48111 1887
48112 1886
48113 1885
48114 1884
48115 1883
48116 1882
48117 1881
48118 1880
48119 1879
48120 1878
48121 1877
48122 1876
48123 1875
48124 1874
48125 1873
48126 1872
48127 1871
48128 1870
48129 1869
48130 1868
48131 1867
48132 1866
48133 1865
48134 1864
48135 1863
48136 1862
48137 1861
48138 1860
48139 1859
48140 1858
48141 1857
48142 1856
48143 1855
48144 1854
48145 1853
48146 1852
48147 1851
48148 1850
48149 1849
48150 1848
48151 1847
48152 1846
48153 1845
48154 1844
48155 1843
48156 1842
48157 1841
48158 1840
48159 1839
48160 1838
48161 1837
48162 1836
48163 1835
48164 1834
48165 1833
48166 1832
48167 1831
48168 1830
48169 1829
48170 1828
48171 1827
48172 1826
48173 1825
48174 1824
48175 1823
48176 1822
48177 1821
48178 1820
48179 1819
48180 1818
48181 1817
48182 1816
48183 1815
48184 1814
48185 1813
48186 1812
48187 1811
48188 1810
48189 1809
48190 1808
48191 1807
48192 1806
48193 1805
48194 1804
48195 1803
48196 1802
48197 1801
48198 1800
48199 1799
48200 1798
48201 1797
48202 1796
48203 1795
48204 1794
48205 1793
48206 1792
48207 1791
48208 1790
48209 1789
48210 1788
48211 1787
48212 1786
48213 1785
48214 1784
48215 1783
48216 1782
48217 1781
48218 1780
48219 1779
48220 1778
48221 1777
48222 1776
48223 1775
48224 1774
48225 1773
48226 1772
48227 1771
48228 1770
48229 1769
48230 1768
48231 1767
48232 1766
48233 1765
48234 1764
48235 1763
48236 1762
48237 1761
48238 1760
48239 1759
48240 1758
48241 1757
48242 1756
48243 1755
48244 1754
48245 1753
48246 1752
48247 1751
48248 1750
48249 1749
48250 1748
48251 1747
48252 1746
48253 1745
48254 1744
48255 1743
48256 1742
48257 1741
48258 1740
48259 1739
48260 1738
48261 1737
48262 1736
48263 1735
48264 1734
48265 1733
48266 1732
48267 1731
48268 1730
48269 1729
48270 1728
48271 1727
48272 1726
48273 1725
48274 1724
48275 1723
48276 1722
48277 1721
48278 1720
48279 1719
48280 1718
48281 1717
48282 1716
48283 1715
48284 1714
48285 1713
48286 1712
48287 1711
48288 1710
48289 1709
48290 1708
48291 1707
48292 1706
48293 1705
48294 1704
48295 1703
48296 1702
48297 1701
48298 1700
48299 1699
48300 1698
48301 1697
48302 1696
48303 1695
48304 1694
48305 1693
48306 1692
48307 1691
48308 1690
48309 1689
48310 1688
48311 1687
48312 1686
48313 1685
48314 1684
48315 1683
48316 1682
48317 1681
48318 1680
48319 1679
48320 1678
48321 1677
48322 1676
48323 1675
48324 1674
48325 1673
48326 1672
48327 1671
48328 1670
48329 1669
48330 1668
48331 1667
48332 1666
48333 1665
48334 1664
48335 1663
48336 1662
48337 1661
48338 1660
48339 1659
48340 1658
48341 1657
48342 1656
48343 1655
48344 1654
48345 1653
48346 1652
48347 1651
48348 1650
48349 1649
48350 1648
48351 1647
48352 1646
48353 1645
48354 1644
48355 1643
48356 1642
48357 1641
48358 1640
48359 1639
48360 1638
48361 1637
48362 1636
48363 1635
48364 1634
48365 1633
48366 1632
48367 1631
48368 1630
48369 1629
48370 1628
48371 1627
48372 1626
48373 1625
48374 1624
48375 1623
48376 1622
48377 1621
48378 1620
48379 1619
48380 1618
48381 1617
48382 1616
48383 1615
48384 1614
48385 1613
48386 1612
48387 1611
48388 1610
48389 1609
48390 1608
48391 1607
48392 1606
48393 1605
48394 1604
48395 1603
48396 1602
48397 1601
48398 1600
48399 1599
48400 1598
48401 1597
48402 1596
48403 1595
48404 1594
48405 1593
48406 1592
48407 1591
48408 1590
48409 1589
48410 1588
48411 1587
48412 1586
48413 1585
48414 1584
48415 1583
48416 1582
48417 1581
48418 1580
48419 1579
48420 1578
48421 1577
48422 1576
48423 1575
48424 1574
48425 1573
48426 1572
48427 1571
48428 1570
48429 1569
48430 1568
48431 1567
48432 1566
48433 1565
48434 1564
48435 1563
48436 1562
48437 1561
48438 1560
48439 1559
48440 1558
48441 1557
48442 1556
48443 1555
48444 1554
48445 1553
48446 1552
48447 1551
48448 1550
48449 1549
48450 1548
48451 1547
48452 1546
48453 1545
48454 1544
48455 1543
48456 1542
48457 1541
48458 1540
48459 1539
48460 1538
48461 1537
48462 1536
48463 1535
48464 1534
48465 1533
48466 1532
48467 1531
48468 1530
48469 1529
48470 1528
48471 1527
48472 1526
48473 1525
48474 1524
48475 1523
48476 1522
48477 1521
48478 1520
48479 1519
48480 1518
48481 1517
48482 1516
48483 1515
48484 1514
48485 1513
48486 1512
48487 1511
48488 1510
48489 1509
48490 1508
48491 1507
48492 1506
48493 1505
48494 1504
48495 1503
48496 1502
48497 1501
48498 1500
48499 1499
48500 1498
48501 1497
48502 1496
48503 1495
48504 1494
48505 1493
48506 1492
48507 1491
48508 1490
48509 1489
48510 1488
48511 1487
48512 1486
48513 1485
48514 1484
48515 1483
48516 1482
48517 1481
48518 1480
48519 1479
48520 1478
48521 1477
48522 1476
48523 1475
48524 1474
48525 1473
48526 1472
48527 1471
48528 1470
48529 1469
48530 1468
48531 1467
48532 1466
48533 1465
48534 1464
48535 1463
48536 1462
48537 1461
48538 1460
48539 1459
48540 1458
48541 1457
48542 1456
48543 1455
48544 1454
48545 1453
48546 1452
48547 1451
48548 1450
48549 1449
48550 1448
48551 1447
48552 1446
48553 1445
48554 1444
48555 1443
48556 1442
48557 1441
48558 1440
48559 1439
48560 1438
48561 1437
48562 1436
48563 1435
48564 1434
48565 1433
48566 1432
48567 1431
48568 1430
48569 1429
48570 1428
48571 1427
48572 1426
48573 1425
48574 1424
48575 1423
48576 1422
48577 1421
48578 1420
48579 1419
48580 1418
48581 1417
48582 1416
48583 1415
48584 1414
48585 1413
48586 1412
48587 1411
48588 1410
48589 1409
48590 1408
48591 1407
48592 1406
48593 1405
48594 1404
48595 1403
48596 1402
48597 1401
48598 1400
48599 1399
48600 1398
48601 1397
48602 1396
48603 1395
48604 1394
48605 1393
48606 1392
48607 1391
48608 1390
48609 1389
48610 1388
48611 1387
48612 1386
48613 1385
48614 1384
48615 1383
48616 1382
48617 1381
48618 1380
48619 1379
48620 1378
48621 1377
48622 1376
48623 1375
48624 1374
48625 1373
48626 1372
48627 1371
48628 1370
48629 1369
48630 1368
48631 1367
48632 1366
48633 1365
48634 1364
48635 1363
48636 1362
48637 1361
48638 1360
48639 1359
48640 1358
48641 1357
48642 1356
48643 1355
48644 1354
48645 1353
48646 1352
48647 1351
48648 1350
48649 1349
48650 1348
48651 1347
48652 1346
48653 1345
48654 1344
48655 1343
48656 1342
48657 1341
48658 1340
48659 1339
48660 1338
48661 1337
48662 1336
48663 1335
48664 1334
48665 1333
48666 1332
48667 1331
48668 1330
48669 1329
48670 1328
48671 1327
48672 1326
48673 1325
48674 1324
48675 1323
48676 1322
48677 1321
48678 1320
48679 1319
48680 1318
48681 1317
48682 1316
48683 1315
48684 1314
48685 1313
48686 1312
48687 1311
48688 1310
48689 1309
48690 1308
48691 1307
48692 1306
48693 1305
48694 1304
48695 1303
48696 1302
48697 1301
48698 1300
48699 1299
48700 1298
48701 1297
48702 1296
48703 1295
48704 1294
48705 1293
48706 1292
48707 1291
48708 1290
48709 1289
48710 1288
48711 1287
48712 1286
48713 1285
48714 1284
48715 1283
48716 1282
48717 1281
48718 1280
48719 1279
48720 1278
48721 1277
48722 1276
48723 1275
48724 1274
48725 1273
48726 1272
48727 1271
48728 1270
48729 1269
48730 1268
48731 1267
48732 1266
48733 1265
48734 1264
48735 1263
48736 1262
48737 1261
48738 1260
48739 1259
48740 1258
48741 1257
48742 1256
48743 1255
48744 1254
48745 1253
48746 1252
48747 1251
48748 1250
48749 1249
48750 1248
48751 1247
48752 1246
48753 1245
48754 1244
48755 1243
48756 1242
48757 1241
48758 1240
48759 1239
48760 1238
48761 1237
48762 1236
48763 1235
48764 1234
48765 1233
48766 1232
48767 1231
48768 1230
48769 1229
48770 1228
48771 1227
48772 1226
48773 1225
48774 1224
48775 1223
48776 1222
48777 1221
48778 1220
48779 1219
48780 1218
48781 1217
48782 1216
48783 1215
48784 1214
48785 1213
48786 1212
48787 1211
48788 1210
48789 1209
48790 1208
48791 1207
48792 1206
48793 1205
48794 1204
48795 1203
48796 1202
48797 1201
48798 1200
48799 1199
48800 1198
48801 1197
48802 1196
48803 1195
48804 1194
48805 1193
48806 1192
48807 1191
48808 1190
48809 1189
48810 1188
48811 1187
48812 1186
48813 1185
48814 1184
48815 1183
48816 1182
48817 1181
48818 1180
48819 1179
48820 1178
48821 1177
48822 1176
48823 1175
48824 1174
48825 1173
48826 1172
48827 1171
48828 1170
48829 1169
48830 1168
48831 1167
48832 1166
48833 1165
48834 1164
48835 1163
48836 1162
48837 1161
48838 1160
48839 1159
48840 1158
48841 1157
48842 1156
48843 1155
48844 1154
48845 1153
48846 1152
48847 1151
48848 1150
48849 1149
48850 1148
48851 1147
48852 1146
48853 1145
48854 1144
48855 1143
48856 1142
48857 1141
48858 1140
48859 1139
48860 1138
48861 1137
48862 1136
48863 1135
48864 1134
48865 1133
48866 1132
48867 1131
48868 1130
48869 1129
48870 1128
48871 1127
48872 1126
48873 1125
48874 1124
48875 1123
48876 1122
48877 1121
48878 1120
48879 1119
48880 1118
48881 1117
48882 1116
48883 1115
48884 1114
48885 1113
48886 1112
48887 1111
48888 1110
48889 1109
48890 1108
48891 1107
48892 1106
48893 1105
48894 1104
48895 1103
48896 1102
48897 1101
48898 1100
48899 1099
48900 1098
48901 1097
48902 1096
48903 1095
48904 1094
48905 1093
48906 1092
48907 1091
48908 1090
48909 1089
48910 1088
48911 1087
48912 1086
48913 1085
48914 1084
48915 1083
48916 1082
48917 1081
48918 1080
48919 1079
48920 1078
48921 1077
48922 1076
48923 1075
48924 1074
48925 1073
48926 1072
48927 1071
48928 1070
48929 1069
48930 1068
48931 1067
48932 1066
48933 1065
48934 1064
48935 1063
48936 1062
48937 1061
48938 1060
48939 1059
48940 1058
48941 1057
48942 1056
48943 1055
48944 1054
48945 1053
48946 1052
48947 1051
48948 1050
48949 1049
48950 1048
48951 1047
48952 1046
48953 1045
48954 1044
48955 1043
48956 1042
48957 1041
48958 1040
48959 1039
48960 1038
48961 1037
48962 1036
48963 1035
48964 1034
48965 1033
48966 1032
48967 1031
48968 1030
48969 1029
48970 1028
48971 1027
48972 1026
48973 1025
48974 1024
48975 1023
48976 1022
48977 1021
48978 1020
48979 1019
48980 1018
48981 1017
48982 1016
48983 1015
48984 1014
48985 1013
48986 1012
48987 1011
48988 1010
48989 1009
48990 1008
48991 1007
48992 1006
48993 1005
48994 1004
48995 1003
48996 1002
48997 1001
48998 1000
48999 999
49000 998
49001 997
49002 996
49003 995
49004 994
49005 993
49006 992
49007 991
49008 990
49009 989
49010 988
49011 987
49012 986
49013 985
49014 984
49015 983
49016 982
49017 981
49018 980
49019 979
49020 978
49021 977
49022 976
49023 975
49024 974
49025 973
49026 972
49027 971
49028 970
49029 969
49030 968
49031 967
49032 966
49033 965
49034 964
49035 963
49036 962
49037 961
49038 960
49039 959
49040 958
49041 957
49042 956
49043 955
49044 954
49045 953
49046 952
49047 951
49048 950
49049 949
49050 948
49051 947
49052 946
49053 945
49054 944
49055 943
49056 942
49057 941
49058 940
49059 939
49060 938
49061 937
49062 936
49063 935
49064 934
49065 933
49066 932
49067 931
49068 930
49069 929
49070 928
49071 927
49072 926
49073 925
49074 924
49075 923
49076 922
49077 921
49078 920
49079 919
49080 918
49081 917
49082 916
49083 915
49084 914
49085 913
49086 912
49087 911
49088 910
49089 909
49090 908
49091 907
49092 906
49093 905
49094 904
49095 903
49096 902
49097 901
49098 900
49099 899
49100 898
49101 897
49102 896
49103 895
49104 894
49105 893
49106 892
49107 891
49108 890
49109 889
49110 888
49111 887
49112 886
49113 885
49114 884
49115 883
49116 882
49117 881
49118 880
49119 879
49120 878
49121 877
49122 876
49123 875
49124 874
49125 873
49126 872
49127 871
49128 870
49129 869
49130 868
49131 867
49132 866
49133 865
49134 864
49135 863
49136 862
49137 861
49138 860
49139 859
49140 858
49141 857
49142 856
49143 855
49144 854
49145 853
49146 852
49147 851
49148 850
49149 849
49150 848
49151 847
49152 846
49153 845
49154 844
49155 843
49156 842
49157 841
49158 840
49159 839
49160 838
49161 837
49162 836
49163 835
49164 834
49165 833
49166 832
49167 831
49168 830
49169 829
49170 828
49171 827
49172 826
49173 825
49174 824
49175 823
49176 822
49177 821
49178 820
49179 819
49180 818
49181 817
49182 816
49183 815
49184 814
49185 813
49186 812
49187 811
49188 810
49189 809
49190 808
49191 807
49192 806
49193 805
49194 804
49195 803
49196 802
49197 801
49198 800
49199 799
49200 798
49201 797
49202 796
49203 795
49204 794
49205 793
49206 792
49207 791
49208 790
49209 789
49210 788
49211 787
49212 786
49213 785
49214 784
49215 783
49216 782
49217 781
49218 780
49219 779
49220 778
49221 777
49222 776
49223 775
49224 774
49225 773
49226 772
49227 771
49228 770
49229 769
49230 768
49231 767
49232 766
49233 765
49234 764
49235 763
49236 762
49237 761
49238 760
49239 759
49240 758
49241 757
49242 756
49243 755
49244 754
49245 753
49246 752
49247 751
49248 750
49249 749
49250 748
49251 747
49252 746
49253 745
49254 744
49255 743
49256 742
49257 741
49258 740
49259 739
49260 738
49261 737
49262 736
49263 735
49264 734
49265 733
49266 732
49267 731
49268 730
49269 729
49270 728
49271 727
49272 726
49273 725
49274 724
49275 723
49276 722
49277 721
49278 720
49279 719
49280 718
49281 717
49282 716
49283 715
49284 714
49285 713
49286 712
49287 711
49288 710
49289 709
49290 708
49291 707
49292 706
49293 705
49294 704
49295 703
49296 702
49297 701
49298 700
49299 699
49300 698
49301 697
49302 696
49303 695
49304 694
49305 693
49306 692
49307 691
49308 690
49309 689
49310 688
49311 687
49312 686
49313 685
49314 684
49315 683
49316 682
49317 681
49318 680
49319 679
49320 678
49321 677
49322 676
49323 675
49324 674
49325 673
49326 672
49327 671
49328 670
49329 669
49330 668
49331 667
49332 666
49333 665
49334 664
49335 663
49336 662
49337 661
49338 660
49339 659
49340 658
49341 657
49342 656
49343 655
49344 654
49345 653
49346 652
49347 651
49348 650
49349 649
49350 648
49351 647
49352 646
49353 645
49354 644
49355 643
49356 642
49357 641
49358 640
49359 639
49360 638
49361 637
49362 636
49363 635
49364 634
49365 633
49366 632
49367 631
49368 630
49369 629
49370 628
49371 627
49372 626
49373 625
49374 624
49375 623
49376 622
49377 621
49378 620
49379 619
49380 618
49381 617
49382 616
49383 615
49384 614
49385 613
49386 612
49387 611
49388 610
49389 609
49390 608
49391 607
49392 606
49393 605
49394 604
49395 603
49396 602
49397 601
49398 600
49399 599
49400 598
49401 597
49402 596
49403 595
49404 594
49405 593
49406 592
49407 591
49408 590
49409 589
49410 588
49411 587
49412 586
49413 585
49414 584
49415 583
49416 582
49417 581
49418 580
49419 579
49420 578
49421 577
49422 576
49423 575
49424 574
49425 573
49426 572
49427 571
49428 570
49429 569
49430 568
49431 567
49432 566
49433 565
49434 564
49435 563
49436 562
49437 561
49438 560
49439 559
49440 558
49441 557
49442 556
49443 555
49444 554
49445 553
49446 552
49447 551
49448 550
49449 549
49450 548
49451 547
49452 546
49453 545
49454 544
49455 543
49456 542
49457 541
49458 540
49459 539
49460 538
49461 537
49462 536
49463 535
49464 534
49465 533
49466 532
49467 531
49468 530
49469 529
49470 528
49471 527
49472 526
49473 525
49474 524
49475 523
49476 522
49477 521
49478 520
49479 519
49480 518
49481 517
49482 516
49483 515
49484 514
49485 513
49486 512
49487 511
49488 510
49489 509
49490 508
49491 507
49492 506
49493 505
49494 504
49495 503
49496 502
49497 501
49498 500
49499 499
49500 498
49501 497
49502 496
49503 495
49504 494
49505 493
49506 492
49507 491
49508 490
49509 489
49510 488
49511 487
49512 486
49513 485
49514 484
49515 483
49516 482
49517 481
49518 480
49519 479
49520 478
49521 477
49522 476
49523 475
49524 474
49525 473
49526 472
49527 471
49528 470
49529 469
49530 468
49531 467
49532 466
49533 465
49534 464
49535 463
49536 462
49537 461
49538 460
49539 459
49540 458
49541 457
49542 456
49543 455
49544 454
49545 453
49546 452
49547 451
49548 450
49549 449
49550 448
49551 447
49552 446
49553 445
49554 444
49555 443
49556 442
49557 441
49558 440
49559 439
49560 438
49561 437
49562 436
49563 435
49564 434
49565 433
49566 432
49567 431
49568 430
49569 429
49570 428
49571 427
49572 426
49573 425
49574 424
49575 423
49576 422
49577 421
49578 420
49579 419
49580 418
49581 417
49582 416
49583 415
49584 414
49585 413
49586 412
49587 411
49588 410
49589 409
49590 408
49591 407
49592 406
49593 405
49594 404
49595 403
49596 402
49597 401
49598 400
49599 399
49600 398
49601 397
49602 396
49603 395
49604 394
49605 393
49606 392
49607 391
49608 390
49609 389
49610 388
49611 387
49612 386
49613 385
49614 384
49615 383
49616 382
49617 381
49618 380
49619 379
49620 378
49621 377
49622 376
49623 375
49624 374
49625 373
49626 372
49627 371
49628 370
49629 369
49630 368
49631 367
49632 366
49633 365
49634 364
49635 363
49636 362
49637 361
49638 360
49639 359
49640 358
49641 357
49642 356
49643 355
49644 354
49645 353
49646 352
49647 351
49648 350
49649 349
49650 348
49651 347
49652 346
49653 345
49654 344
49655 343
49656 342
49657 341
49658 340
49659 339
49660 338
49661 337
49662 336
49663 335
49664 334
49665 333
49666 332
49667 331
49668 330
49669 329
49670 328
49671 327
49672 326
49673 325
49674 324
49675 323
49676 322
49677 321
49678 320
49679 319
49680 318
49681 317
49682 316
49683 315
49684 314
49685 313
49686 312
49687 311
49688 310
49689 309
49690 308
49691 307
49692 306
49693 305
49694 304
49695 303
49696 302
49697 301
49698 300
49699 299
49700 298
49701 297
49702 296
49703 295
49704 294
49705 293
49706 292
49707 291
49708 290
49709 289
49710 288
49711 287
49712 286
49713 285
49714 284
49715 283
49716 282
49717 281
49718 280
49719 279
49720 278
49721 277
49722 276
49723 275
49724 274
49725 273
49726 272
49727 271
49728 270
49729 269
49730 268
49731 267
49732 266
49733 265
49734 264
49735 263
49736 262
49737 261
49738 260
49739 259
49740 258
49741 257
49742 256
49743 255
49744 254
49745 253
49746 252
49747 251
49748 250
49749 249
49750 248
49751 247
49752 246
49753 245
49754 244
49755 243
49756 242
49757 241
49758 240
49759 239
49760 238
49761 237
49762 236
49763 235
49764 234
49765 233
49766 232
49767 231
49768 230
49769 229
49770 228
49771 227
49772 226
49773 225
49774 224
49775 223
49776 222
49777 221
49778 220
49779 219
49780 218
49781 217
49782 216
49783 215
49784 214
49785 213
49786 212
49787 211
49788 210
49789 209
49790 208
49791 207
49792 206
49793 205
49794 204
49795 203
49796 202
49797 201
49798 200
49799 199
49800 198
49801 197
49802 196
49803 195
49804 194
49805 193
49806 192
49807 191
49808 190
49809 189
49810 188
49811 187
49812 186
49813 185
49814 184
49815 183
49816 182
49817 181
49818 180
49819 179
49820 178
49821 177
49822 176
49823 175
49824 174
49825 173
49826 172
49827 171
49828 170
49829 169
49830 168
49831 167
49832 166
49833 165
49834 164
49835 163
49836 162
49837 161
49838 160
49839 159
49840 158
49841 157
49842 156
49843 155
49844 154
49845 153
49846 152
49847 151
49848 150
49849 149
49850 148
49851 147
49852 146
49853 145
49854 144
49855 143
49856 142
49857 141
49858 140
49859 139
49860 138
49861 137
49862 136
49863 135
49864 134
49865 133
49866 132
49867 131
49868 130
49869 129
49870 128
49871 127
49872 126
49873 125
49874 124
49875 123
49876 122
49877 121
49878 120
49879 119
49880 118
49881 117
49882 116
49883 115
49884 114
49885 113
49886 112
49887 111
49888 110
49889 109
49890 108
49891 107
49892 106
49893 105
49894 104
49895 103
49896 102
49897 101
49898 100
49899 99
49900 98
49901 97
49902 96
49903 95
49904 94
49905 93
49906 92
49907 91
49908 90
49909 89
49910 88
49911 87
49912 86
49913 85
49914 84
49915 83
49916 82
49917 81
49918 80
49919 79
49920 78
49921 77
49922 76
49923 75
49924 74
49925 73
49926 72
49927 71
49928 70
49929 69
49930 68
49931 67
49932 66
49933 65
49934 64
49935 63
49936 62
49937 61
49938 60
49939 59
49940 58
49941 57
49942 56
49943 55
49944 54
49945 53
49946 52
49947 51
49948 50
49949 49
49950 48
49951 47
49952 46
49953 45
49954 44
49955 43
49956 42
49957 41
49958 40
49959 39
49960 38
49961 37
49962 36
49963 35
49964 34
49965 33
49966 32
49967 31
49968 30
49969 29
49970 28
49971 27
49972 26
49973 25
49974 24
49975 23
49976 22
49977 21
49978 20
49979 19
49980 18
49981 17
49982 16
49983 15
49984 14
49985 13
49986 12
49987 11
49988 10
49989 9
49990 8
49991 7
49992 6
49993 5
49994 4
49995 3
49996 2
49997 0
