3471
1 7374591072896196776
3599399017315604869 3608793457843379447
7631840063474646035 1383208362359576019
9037479082993087641 322529411347331504
9221608636268626046 47586805237844874
9222716359821490467 15696511878487860
9222980259164396401 6560022838931183
9223020524793380393 4479922504421981
9223281872959162303 184179959833087
9223322691990115888 36178525944198
9223334764068713300 12319367325967
9223368132858280635 11344527602769
9223369697913598582 10614499223716
9223370152918874804 6328005692671
9223370678155705181 5897671698897
9223371357731772196 4456765751315
9223371644967823594 4069094763035
9223371679651323445 2098505300281
9223371860573081665 183226037621
9223372031563570042 3470906657
9223372034515154572 1978482607
9223372036061169771 845478946
9223372036553957958 74031916
9223372036852484754 68638725
9223372036852751960 23750302
9223372036852852886 5227516
9223372036854299010 4214755
9223372036854728616 758032
9223372036854745642 729079
9223372036854753728 52215
9223372036854755875 46137
9223372036854771260 38070
9223372036854772356 8035
9223372036854772367 3862
9223372036854772368 3828
9223372036854772369 3725
9223372036854772370 3454
9223372036854772371 3441
9223372036854772372 3440
9223372036854772373 3436
9223372036854772374 3434
9223372036854772375 3432
9223372036854772376 3431
9223372036854772377 3429
9223372036854772378 3428
9223372036854772379 3427
9223372036854772380 3426
9223372036854772381 3425
9223372036854772382 3424
9223372036854772383 3423
9223372036854772384 3422
9223372036854772385 3420
9223372036854772386 3419
9223372036854772387 3418
9223372036854772388 3417
9223372036854772389 3416
9223372036854772390 3415
9223372036854772391 3414
9223372036854772392 3413
9223372036854772393 3412
9223372036854772394 3411
9223372036854772395 3410
9223372036854772396 3409
9223372036854772397 3408
9223372036854772398 3407
9223372036854772399 3406
9223372036854772400 3405
9223372036854772401 3404
9223372036854772402 3403
9223372036854772403 3402
9223372036854772404 3401
9223372036854772405 3400
9223372036854772406 3399
9223372036854772407 3398
9223372036854772408 3397
9223372036854772409 3396
9223372036854772410 3395
9223372036854772411 3394
9223372036854772412 3393
9223372036854772413 3392
9223372036854772414 3391
9223372036854772415 3390
9223372036854772416 3389
9223372036854772417 3388
9223372036854772418 3387
9223372036854772419 3386
9223372036854772420 3385
9223372036854772421 3384
9223372036854772422 3383
9223372036854772423 3382
9223372036854772424 3381
9223372036854772425 3380
9223372036854772426 3379
9223372036854772427 3378
9223372036854772428 3377
9223372036854772429 3376
9223372036854772430 3375
9223372036854772431 3374
9223372036854772432 3373
9223372036854772433 3372
9223372036854772434 3371
9223372036854772435 3370
9223372036854772436 3369
9223372036854772437 3368
9223372036854772438 3367
9223372036854772439 3366
9223372036854772440 3365
9223372036854772441 3364
9223372036854772442 3363
9223372036854772443 3362
9223372036854772444 3361
9223372036854772445 3360
9223372036854772446 3359
9223372036854772447 3358
9223372036854772448 3357
9223372036854772449 3356
9223372036854772450 3355
9223372036854772451 3354
9223372036854772452 3353
9223372036854772453 3352
9223372036854772454 3351
9223372036854772455 3350
9223372036854772456 3349
9223372036854772457 3348
9223372036854772458 3347
9223372036854772459 3346
9223372036854772460 3345
9223372036854772461 3344
9223372036854772462 3343
9223372036854772463 3342
9223372036854772464 3341
9223372036854772465 3340
9223372036854772466 3339
9223372036854772467 3338
9223372036854772468 3337
9223372036854772469 3336
9223372036854772470 3335
9223372036854772471 3334
9223372036854772472 3333
9223372036854772473 3332
9223372036854772474 3331
9223372036854772475 3330
9223372036854772476 3329
9223372036854772477 3328
9223372036854772478 3327
9223372036854772479 3326
9223372036854772480 3325
9223372036854772481 3324
9223372036854772482 3323
9223372036854772483 3322
9223372036854772484 3321
9223372036854772485 3320
9223372036854772486 3319
9223372036854772487 3318
9223372036854772488 3317
9223372036854772489 3316
9223372036854772490 3315
9223372036854772491 3314
9223372036854772492 3313
9223372036854772493 3312
9223372036854772494 3311
9223372036854772495 3310
9223372036854772496 3309
9223372036854772497 3308
9223372036854772498 3307
9223372036854772499 3306
9223372036854772500 3305
9223372036854772501 3304
9223372036854772502 3303
9223372036854772503 3302
9223372036854772504 3301
9223372036854772505 3300
9223372036854772506 3299
9223372036854772507 3298
9223372036854772508 3297
9223372036854772509 3296
9223372036854772510 3295
9223372036854772511 3294
9223372036854772512 3293
9223372036854772513 3292
9223372036854772514 3291
9223372036854772515 3290
9223372036854772516 3289
9223372036854772517 3288
9223372036854772518 3287
9223372036854772519 3286
9223372036854772520 3285
9223372036854772521 3284
9223372036854772522 3283
9223372036854772523 3282
9223372036854772524 3281
9223372036854772525 3280
9223372036854772526 3279
9223372036854772527 3278
9223372036854772528 3277
9223372036854772529 3276
9223372036854772530 3275
9223372036854772531 3274
9223372036854772532 3273
9223372036854772533 3272
9223372036854772534 3271
9223372036854772535 3270
9223372036854772536 3269
9223372036854772537 3268
9223372036854772538 3267
9223372036854772539 3266
9223372036854772540 3265
9223372036854772541 3264
9223372036854772542 3263
9223372036854772543 3262
9223372036854772544 3261
9223372036854772545 3260
9223372036854772546 3259
9223372036854772547 3258
9223372036854772548 3257
9223372036854772549 3256
9223372036854772550 3255
9223372036854772551 3254
9223372036854772552 3253
9223372036854772553 3252
9223372036854772554 3251
9223372036854772555 3250
9223372036854772556 3249
9223372036854772557 3248
9223372036854772558 3247
9223372036854772559 3246
9223372036854772560 3245
9223372036854772561 3244
9223372036854772562 3243
9223372036854772563 3242
9223372036854772564 3241
9223372036854772565 3240
9223372036854772566 3239
9223372036854772567 3238
9223372036854772568 3237
9223372036854772569 3236
9223372036854772570 3235
9223372036854772571 3234
9223372036854772572 3233
9223372036854772573 3232
9223372036854772574 3231
9223372036854772575 3230
9223372036854772576 3229
9223372036854772577 3228
9223372036854772578 3227
9223372036854772579 3226
9223372036854772580 3225
9223372036854772581 3224
9223372036854772582 3223
9223372036854772583 3222
9223372036854772584 3221
9223372036854772585 3220
9223372036854772586 3219
9223372036854772587 3218
9223372036854772588 3217
9223372036854772589 3216
9223372036854772590 3215
9223372036854772591 3214
9223372036854772592 3213
9223372036854772593 3212
9223372036854772594 3211
9223372036854772595 3210
9223372036854772596 3209
9223372036854772597 3208
9223372036854772598 3207
9223372036854772599 3206
9223372036854772600 3205
9223372036854772601 3204
9223372036854772602 3203
9223372036854772603 3202
9223372036854772604 3201
9223372036854772605 3200
9223372036854772606 3199
9223372036854772607 3198
9223372036854772608 3197
9223372036854772609 3196
9223372036854772610 3195
9223372036854772611 3194
9223372036854772612 3193
9223372036854772613 3192
9223372036854772614 3191
9223372036854772615 3190
9223372036854772616 3189
9223372036854772617 3188
9223372036854772618 3187
9223372036854772619 3186
9223372036854772620 3185
9223372036854772621 3184
9223372036854772622 3183
9223372036854772623 3182
9223372036854772624 3181
9223372036854772625 3180
9223372036854772626 3179
9223372036854772627 3178
9223372036854772628 3177
9223372036854772629 3176
9223372036854772630 3175
9223372036854772631 3174
9223372036854772632 3173
9223372036854772633 3172
9223372036854772634 3171
9223372036854772635 3170
9223372036854772636 3169
9223372036854772637 3168
9223372036854772638 3167
9223372036854772639 3166
9223372036854772640 3165
9223372036854772641 3164
9223372036854772642 3163
9223372036854772643 3162
9223372036854772644 3161
9223372036854772645 3160
9223372036854772646 3159
9223372036854772647 3158
9223372036854772648 3157
9223372036854772649 3156
9223372036854772650 3155
9223372036854772651 3154
9223372036854772652 3153
9223372036854772653 3152
9223372036854772654 3151
9223372036854772655 3150
9223372036854772656 3149
9223372036854772657 3148
9223372036854772658 3147
9223372036854772659 3146
9223372036854772660 3145
9223372036854772661 3144
9223372036854772662 3143
9223372036854772663 3142
9223372036854772664 3141
9223372036854772665 3140
9223372036854772666 3139
9223372036854772667 3138
9223372036854772668 3137
9223372036854772669 3136
9223372036854772670 3135
9223372036854772671 3134
9223372036854772672 3133
9223372036854772673 3132
9223372036854772674 3131
9223372036854772675 3130
9223372036854772676 3129
9223372036854772677 3128
9223372036854772678 3127
9223372036854772679 3126
9223372036854772680 3125
9223372036854772681 3124
9223372036854772682 3123
9223372036854772683 3122
9223372036854772684 3121
9223372036854772685 3120
9223372036854772686 3119
9223372036854772687 3118
9223372036854772688 3117
9223372036854772689 3116
9223372036854772690 3115
9223372036854772691 3114
9223372036854772692 3113
9223372036854772693 3112
9223372036854772694 3111
9223372036854772695 3110
9223372036854772696 3109
9223372036854772697 3108
9223372036854772698 3107
9223372036854772699 3106
9223372036854772700 3105
9223372036854772701 3104
9223372036854772702 3103
9223372036854772703 3102
9223372036854772704 3101
9223372036854772705 3100
9223372036854772706 3099
9223372036854772707 3098
9223372036854772708 3097
9223372036854772709 3096
9223372036854772710 3095
9223372036854772711 3094
9223372036854772712 3093
9223372036854772713 3092
9223372036854772714 3091
9223372036854772715 3090
9223372036854772716 3089
9223372036854772717 3088
9223372036854772718 3087
9223372036854772719 3086
9223372036854772720 3085
9223372036854772721 3084
9223372036854772722 3083
9223372036854772723 3082
9223372036854772724 3081
9223372036854772725 3080
9223372036854772726 3079
9223372036854772727 3078
9223372036854772728 3077
9223372036854772729 3076
9223372036854772730 3075
9223372036854772731 3074
9223372036854772732 3073
9223372036854772733 3072
9223372036854772734 3071
9223372036854772735 3070
9223372036854772736 3069
9223372036854772737 3068
9223372036854772738 3067
9223372036854772739 3066
9223372036854772740 3065
9223372036854772741 3064
9223372036854772742 3063
9223372036854772743 3062
9223372036854772744 3061
9223372036854772745 3060
9223372036854772746 3059
9223372036854772747 3058
9223372036854772748 3057
9223372036854772749 3056
9223372036854772750 3055
9223372036854772751 3054
9223372036854772752 3053
9223372036854772753 3052
9223372036854772754 3051
9223372036854772755 3050
9223372036854772756 3049
9223372036854772757 3048
9223372036854772758 3047
9223372036854772759 3046
9223372036854772760 3045
9223372036854772761 3044
9223372036854772762 3043
9223372036854772763 3042
9223372036854772764 3041
9223372036854772765 3040
9223372036854772766 3039
9223372036854772767 3038
9223372036854772768 3037
9223372036854772769 3036
9223372036854772770 3035
9223372036854772771 3034
9223372036854772772 3033
9223372036854772773 3032
9223372036854772774 3031
9223372036854772775 3030
9223372036854772776 3029
9223372036854772777 3028
9223372036854772778 3027
9223372036854772779 3026
9223372036854772780 3025
9223372036854772781 3024
9223372036854772782 3023
9223372036854772783 3022
9223372036854772784 3021
9223372036854772785 3020
9223372036854772786 3019
9223372036854772787 3018
9223372036854772788 3017
9223372036854772789 3016
9223372036854772790 3015
9223372036854772791 3014
9223372036854772792 3013
9223372036854772793 3012
9223372036854772794 3011
9223372036854772795 3010
9223372036854772796 3009
9223372036854772797 3008
9223372036854772798 3007
9223372036854772799 3006
9223372036854772800 3005
9223372036854772801 3004
9223372036854772802 3003
9223372036854772803 3002
9223372036854772804 3001
9223372036854772805 3000
9223372036854772806 2999
9223372036854772807 2998
9223372036854772808 2997
9223372036854772809 2996
9223372036854772810 2995
9223372036854772811 2994
9223372036854772812 2993
9223372036854772813 2992
9223372036854772814 2991
9223372036854772815 2990
9223372036854772816 2989
9223372036854772817 2988
9223372036854772818 2987
9223372036854772819 2986
9223372036854772820 2985
9223372036854772821 2984
9223372036854772822 2983
9223372036854772823 2982
9223372036854772824 2981
9223372036854772825 2980
9223372036854772826 2979
9223372036854772827 2978
9223372036854772828 2977
9223372036854772829 2976
9223372036854772830 2975
9223372036854772831 2974
9223372036854772832 2973
9223372036854772833 2972
9223372036854772834 2971
9223372036854772835 2970
9223372036854772836 2969
9223372036854772837 2968
9223372036854772838 2967
9223372036854772839 2966
9223372036854772840 2965
9223372036854772841 2964
9223372036854772842 2963
9223372036854772843 2962
9223372036854772844 2961
9223372036854772845 2960
9223372036854772846 2959
9223372036854772847 2958
9223372036854772848 2957
9223372036854772849 2956
9223372036854772850 2955
9223372036854772851 2954
9223372036854772852 2953
9223372036854772853 2952
9223372036854772854 2951
9223372036854772855 2950
9223372036854772856 2949
9223372036854772857 2948
9223372036854772858 2947
9223372036854772859 2946
9223372036854772860 2945
9223372036854772861 2944
9223372036854772862 2943
9223372036854772863 2942
9223372036854772864 2941
9223372036854772865 2940
9223372036854772866 2939
9223372036854772867 2938
9223372036854772868 2937
9223372036854772869 2936
9223372036854772870 2935
9223372036854772871 2934
9223372036854772872 2933
9223372036854772873 2932
9223372036854772874 2931
9223372036854772875 2930
9223372036854772876 2929
9223372036854772877 2928
9223372036854772878 2927
9223372036854772879 2926
9223372036854772880 2925
9223372036854772881 2924
9223372036854772882 2923
9223372036854772883 2922
9223372036854772884 2921
9223372036854772885 2920
9223372036854772886 2919
9223372036854772887 2918
9223372036854772888 2917
9223372036854772889 2916
9223372036854772890 2915
9223372036854772891 2914
9223372036854772892 2913
9223372036854772893 2912
9223372036854772894 2911
9223372036854772895 2910
9223372036854772896 2909
9223372036854772897 2908
9223372036854772898 2907
9223372036854772899 2906
9223372036854772900 2905
9223372036854772901 2904
9223372036854772902 2903
9223372036854772903 2902
9223372036854772904 2901
9223372036854772905 2900
9223372036854772906 2899
9223372036854772907 2898
9223372036854772908 2897
9223372036854772909 2896
9223372036854772910 2895
9223372036854772911 2894
9223372036854772912 2893
9223372036854772913 2892
9223372036854772914 2891
9223372036854772915 2890
9223372036854772916 2889
9223372036854772917 2888
9223372036854772918 2887
9223372036854772919 2886
9223372036854772920 2885
9223372036854772921 2884
9223372036854772922 2883
9223372036854772923 2882
9223372036854772924 2881
9223372036854772925 2880
9223372036854772926 2879
9223372036854772927 2878
9223372036854772928 2877
9223372036854772929 2876
9223372036854772930 2875
9223372036854772931 2874
9223372036854772932 2873
9223372036854772933 2872
9223372036854772934 2871
9223372036854772935 2870
9223372036854772936 2869
9223372036854772937 2868
9223372036854772938 2867
9223372036854772939 2866
9223372036854772940 2865
9223372036854772941 2864
9223372036854772942 2863
9223372036854772943 2862
9223372036854772944 2861
9223372036854772945 2860
9223372036854772946 2859
9223372036854772947 2858
9223372036854772948 2857
9223372036854772949 2856
9223372036854772950 2855
9223372036854772951 2854
9223372036854772952 2853
9223372036854772953 2852
9223372036854772954 2851
9223372036854772955 2850
9223372036854772956 2849
9223372036854772957 2848
9223372036854772958 2847
9223372036854772959 2846
9223372036854772960 2845
9223372036854772961 2844
9223372036854772962 2843
9223372036854772963 2842
9223372036854772964 2841
9223372036854772965 2840
9223372036854772966 2839
9223372036854772967 2838
9223372036854772968 2837
9223372036854772969 2836
9223372036854772970 2835
9223372036854772971 2834
9223372036854772972 2833
9223372036854772973 2832
9223372036854772974 2831
9223372036854772975 2830
9223372036854772976 2829
9223372036854772977 2828
9223372036854772978 2827
9223372036854772979 2826
9223372036854772980 2825
9223372036854772981 2824
9223372036854772982 2823
9223372036854772983 2822
9223372036854772984 2821
9223372036854772985 2820
9223372036854772986 2819
9223372036854772987 2818
9223372036854772988 2817
9223372036854772989 2816
9223372036854772990 2815
9223372036854772991 2814
9223372036854772992 2813
9223372036854772993 2812
9223372036854772994 2811
9223372036854772995 2810
9223372036854772996 2809
9223372036854772997 2808
9223372036854772998 2807
9223372036854772999 2806
9223372036854773000 2805
9223372036854773001 2804
9223372036854773002 2803
9223372036854773003 2802
9223372036854773004 2801
9223372036854773005 2800
9223372036854773006 2799
9223372036854773007 2798
9223372036854773008 2797
9223372036854773009 2796
9223372036854773010 2795
9223372036854773011 2794
9223372036854773012 2793
9223372036854773013 2792
9223372036854773014 2791
9223372036854773015 2790
9223372036854773016 2789
9223372036854773017 2788
9223372036854773018 2787
9223372036854773019 2786
9223372036854773020 2785
9223372036854773021 2784
9223372036854773022 2783
9223372036854773023 2782
9223372036854773024 2781
9223372036854773025 2780
9223372036854773026 2779
9223372036854773027 2778
9223372036854773028 2777
9223372036854773029 2776
9223372036854773030 2775
9223372036854773031 2774
9223372036854773032 2773
9223372036854773033 2772
9223372036854773034 2771
9223372036854773035 2770
9223372036854773036 2769
9223372036854773037 2768
9223372036854773038 2767
9223372036854773039 2766
9223372036854773040 2765
9223372036854773041 2764
9223372036854773042 2763
9223372036854773043 2762
9223372036854773044 2761
9223372036854773045 2760
9223372036854773046 2759
9223372036854773047 2758
9223372036854773048 2757
9223372036854773049 2756
9223372036854773050 2755
9223372036854773051 2754
9223372036854773052 2753
9223372036854773053 2752
9223372036854773054 2751
9223372036854773055 2750
9223372036854773056 2749
9223372036854773057 2748
9223372036854773058 2747
9223372036854773059 2746
9223372036854773060 2745
9223372036854773061 2744
9223372036854773062 2743
9223372036854773063 2742
9223372036854773064 2741
9223372036854773065 2740
9223372036854773066 2739
9223372036854773067 2738
9223372036854773068 2737
9223372036854773069 2736
9223372036854773070 2735
9223372036854773071 2734
9223372036854773072 2733
9223372036854773073 2732
9223372036854773074 2731
9223372036854773075 2730
9223372036854773076 2729
9223372036854773077 2728
9223372036854773078 2727
9223372036854773079 2726
9223372036854773080 2725
9223372036854773081 2724
9223372036854773082 2723
9223372036854773083 2722
9223372036854773084 2721
9223372036854773085 2720
9223372036854773086 2719
9223372036854773087 2718
9223372036854773088 2717
9223372036854773089 2716
9223372036854773090 2715
9223372036854773091 2714
9223372036854773092 2713
9223372036854773093 2712
9223372036854773094 2711
9223372036854773095 2710
9223372036854773096 2709
9223372036854773097 2708
9223372036854773098 2707
9223372036854773099 2706
9223372036854773100 2705
9223372036854773101 2704
9223372036854773102 2703
9223372036854773103 2702
9223372036854773104 2701
9223372036854773105 2700
9223372036854773106 2699
9223372036854773107 2698
9223372036854773108 2697
9223372036854773109 2696
9223372036854773110 2695
9223372036854773111 2694
9223372036854773112 2693
9223372036854773113 2692
9223372036854773114 2691
9223372036854773115 2690
9223372036854773116 2689
9223372036854773117 2688
9223372036854773118 2687
9223372036854773119 2686
9223372036854773120 2685
9223372036854773121 2684
9223372036854773122 2683
9223372036854773123 2682
9223372036854773124 2681
9223372036854773125 2680
9223372036854773126 2679
9223372036854773127 2678
9223372036854773128 2677
9223372036854773129 2676
9223372036854773130 2675
9223372036854773131 2674
9223372036854773132 2673
9223372036854773133 2672
9223372036854773134 2671
9223372036854773135 2670
9223372036854773136 2669
9223372036854773137 2668
9223372036854773138 2667
9223372036854773139 2666
9223372036854773140 2665
9223372036854773141 2664
9223372036854773142 2663
9223372036854773143 2662
9223372036854773144 2661
9223372036854773145 2660
9223372036854773146 2659
9223372036854773147 2658
9223372036854773148 2657
9223372036854773149 2656
9223372036854773150 2655
9223372036854773151 2654
9223372036854773152 2653
9223372036854773153 2652
9223372036854773154 2651
9223372036854773155 2650
9223372036854773156 2649
9223372036854773157 2648
9223372036854773158 2647
9223372036854773159 2646
9223372036854773160 2645
9223372036854773161 2644
9223372036854773162 2643
9223372036854773163 2642
9223372036854773164 2641
9223372036854773165 2640
9223372036854773166 2639
9223372036854773167 2638
9223372036854773168 2637
9223372036854773169 2636
9223372036854773170 2635
9223372036854773171 2634
9223372036854773172 2633
9223372036854773173 2632
9223372036854773174 2631
9223372036854773175 2630
9223372036854773176 2629
9223372036854773177 2628
9223372036854773178 2627
9223372036854773179 2626
9223372036854773180 2625
9223372036854773181 2624
9223372036854773182 2623
9223372036854773183 2622
9223372036854773184 2621
9223372036854773185 2620
9223372036854773186 2619
9223372036854773187 2618
9223372036854773188 2617
9223372036854773189 2616
9223372036854773190 2615
9223372036854773191 2614
9223372036854773192 2613
9223372036854773193 2612
9223372036854773194 2611
9223372036854773195 2610
9223372036854773196 2609
9223372036854773197 2608
9223372036854773198 2607
9223372036854773199 2606
9223372036854773200 2605
9223372036854773201 2604
9223372036854773202 2603
9223372036854773203 2602
9223372036854773204 2601
9223372036854773205 2600
9223372036854773206 2599
9223372036854773207 2598
9223372036854773208 2597
9223372036854773209 2596
9223372036854773210 2595
9223372036854773211 2594
9223372036854773212 2593
9223372036854773213 2592
9223372036854773214 2591
9223372036854773215 2590
9223372036854773216 2589
9223372036854773217 2588
9223372036854773218 2587
9223372036854773219 2586
9223372036854773220 2585
9223372036854773221 2584
9223372036854773222 2583
9223372036854773223 2582
9223372036854773224 2581
9223372036854773225 2580
9223372036854773226 2579
9223372036854773227 2578
9223372036854773228 2577
9223372036854773229 2576
9223372036854773230 2575
9223372036854773231 2574
9223372036854773232 2573
9223372036854773233 2572
9223372036854773234 2571
9223372036854773235 2570
9223372036854773236 2569
9223372036854773237 2568
9223372036854773238 2567
9223372036854773239 2566
9223372036854773240 2565
9223372036854773241 2564
9223372036854773242 2563
9223372036854773243 2562
9223372036854773244 2561
9223372036854773245 2560
9223372036854773246 2559
9223372036854773247 2558
9223372036854773248 2557
9223372036854773249 2556
9223372036854773250 2555
9223372036854773251 2554
9223372036854773252 2553
9223372036854773253 2552
9223372036854773254 2551
9223372036854773255 2550
9223372036854773256 2549
9223372036854773257 2548
9223372036854773258 2547
9223372036854773259 2546
9223372036854773260 2545
9223372036854773261 2544
9223372036854773262 2543
9223372036854773263 2542
9223372036854773264 2541
9223372036854773265 2540
9223372036854773266 2539
9223372036854773267 2538
9223372036854773268 2537
9223372036854773269 2536
9223372036854773270 2535
9223372036854773271 2534
9223372036854773272 2533
9223372036854773273 2532
9223372036854773274 2531
9223372036854773275 2530
9223372036854773276 2529
9223372036854773277 2528
9223372036854773278 2527
9223372036854773279 2526
9223372036854773280 2525
9223372036854773281 2524
9223372036854773282 2523
9223372036854773283 2522
9223372036854773284 2521
9223372036854773285 2520
9223372036854773286 2519
9223372036854773287 2518
9223372036854773288 2517
9223372036854773289 2516
9223372036854773290 2515
9223372036854773291 2514
9223372036854773292 2513
9223372036854773293 2512
9223372036854773294 2511
9223372036854773295 2510
9223372036854773296 2509
9223372036854773297 2508
9223372036854773298 2507
9223372036854773299 2506
9223372036854773300 2505
9223372036854773301 2504
9223372036854773302 2503
9223372036854773303 2502
9223372036854773304 2501
9223372036854773305 2500
9223372036854773306 2499
9223372036854773307 2498
9223372036854773308 2497
9223372036854773309 2496
9223372036854773310 2495
9223372036854773311 2494
9223372036854773312 2493
9223372036854773313 2492
9223372036854773314 2491
9223372036854773315 2490
9223372036854773316 2489
9223372036854773317 2488
9223372036854773318 2487
9223372036854773319 2486
9223372036854773320 2485
9223372036854773321 2484
9223372036854773322 2483
9223372036854773323 2482
9223372036854773324 2481
9223372036854773325 2480
9223372036854773326 2479
9223372036854773327 2478
9223372036854773328 2477
9223372036854773329 2476
9223372036854773330 2475
9223372036854773331 2474
9223372036854773332 2473
9223372036854773333 2472
9223372036854773334 2471
9223372036854773335 2470
9223372036854773336 2469
9223372036854773337 2468
9223372036854773338 2467
9223372036854773339 2466
9223372036854773340 2465
9223372036854773341 2464
9223372036854773342 2463
9223372036854773343 2462
9223372036854773344 2461
9223372036854773345 2460
9223372036854773346 2459
9223372036854773347 2458
9223372036854773348 2457
9223372036854773349 2456
9223372036854773350 2455
9223372036854773351 2454
9223372036854773352 2453
9223372036854773353 2452
9223372036854773354 2451
9223372036854773355 2450
9223372036854773356 2449
9223372036854773357 2448
9223372036854773358 2447
9223372036854773359 2446
9223372036854773360 2445
9223372036854773361 2444
9223372036854773362 2443
9223372036854773363 2442
9223372036854773364 2441
9223372036854773365 2440
9223372036854773366 2439
9223372036854773367 2438
9223372036854773368 2437
9223372036854773369 2436
9223372036854773370 2435
9223372036854773371 2434
9223372036854773372 2433
9223372036854773373 2432
9223372036854773374 2431
9223372036854773375 2430
9223372036854773376 2429
9223372036854773377 2428
9223372036854773378 2427
9223372036854773379 2426
9223372036854773380 2425
9223372036854773381 2424
9223372036854773382 2423
9223372036854773383 2422
9223372036854773384 2421
9223372036854773385 2420
9223372036854773386 2419
9223372036854773387 2418
9223372036854773388 2417
9223372036854773389 2416
9223372036854773390 2415
9223372036854773391 2414
9223372036854773392 2413
9223372036854773393 2412
9223372036854773394 2411
9223372036854773395 2410
9223372036854773396 2409
9223372036854773397 2408
9223372036854773398 2407
9223372036854773399 2406
9223372036854773400 2405
9223372036854773401 2404
9223372036854773402 2403
9223372036854773403 2402
9223372036854773404 2401
9223372036854773405 2400
9223372036854773406 2399
9223372036854773407 2398
9223372036854773408 2397
9223372036854773409 2396
9223372036854773410 2395
9223372036854773411 2394
9223372036854773412 2393
9223372036854773413 2392
9223372036854773414 2391
9223372036854773415 2390
9223372036854773416 2389
9223372036854773417 2388
9223372036854773418 2387
9223372036854773419 2386
9223372036854773420 2385
9223372036854773421 2384
9223372036854773422 2383
9223372036854773423 2382
9223372036854773424 2381
9223372036854773425 2380
9223372036854773426 2379
9223372036854773427 2378
9223372036854773428 2377
9223372036854773429 2376
9223372036854773430 2375
9223372036854773431 2374
9223372036854773432 2373
9223372036854773433 2372
9223372036854773434 2371
9223372036854773435 2370
9223372036854773436 2369
9223372036854773437 2368
9223372036854773438 2367
9223372036854773439 2366
9223372036854773440 2365
9223372036854773441 2364
9223372036854773442 2363
9223372036854773443 2362
9223372036854773444 2361
9223372036854773445 2360
9223372036854773446 2359
9223372036854773447 2358
9223372036854773448 2357
9223372036854773449 2356
9223372036854773450 2355
9223372036854773451 2354
9223372036854773452 2353
9223372036854773453 2352
9223372036854773454 2351
9223372036854773455 2350
9223372036854773456 2349
9223372036854773457 2348
9223372036854773458 2347
9223372036854773459 2346
9223372036854773460 2345
9223372036854773461 2344
9223372036854773462 2343
9223372036854773463 2342
9223372036854773464 2341
9223372036854773465 2340
9223372036854773466 2339
9223372036854773467 2338
9223372036854773468 2337
9223372036854773469 2336
9223372036854773470 2335
9223372036854773471 2334
9223372036854773472 2333
9223372036854773473 2332
9223372036854773474 2331
9223372036854773475 2330
9223372036854773476 2329
9223372036854773477 2328
9223372036854773478 2327
9223372036854773479 2326
9223372036854773480 2325
9223372036854773481 2324
9223372036854773482 2323
9223372036854773483 2322
9223372036854773484 2321
9223372036854773485 2320
9223372036854773486 2319
9223372036854773487 2318
9223372036854773488 2317
9223372036854773489 2316
9223372036854773490 2315
9223372036854773491 2314
9223372036854773492 2313
9223372036854773493 2312
9223372036854773494 2311
9223372036854773495 2310
9223372036854773496 2309
9223372036854773497 2308
9223372036854773498 2307
9223372036854773499 2306
9223372036854773500 2305
9223372036854773501 2304
9223372036854773502 2303
9223372036854773503 2302
9223372036854773504 2301
9223372036854773505 2300
9223372036854773506 2299
9223372036854773507 2298
9223372036854773508 2297
9223372036854773509 2296
9223372036854773510 2295
9223372036854773511 2294
9223372036854773512 2293
9223372036854773513 2292
9223372036854773514 2291
9223372036854773515 2290
9223372036854773516 2289
9223372036854773517 2288
9223372036854773518 2287
9223372036854773519 2286
9223372036854773520 2285
9223372036854773521 2284
9223372036854773522 2283
9223372036854773523 2282
9223372036854773524 2281
9223372036854773525 2280
9223372036854773526 2279
9223372036854773527 2278
9223372036854773528 2277
9223372036854773529 2276
9223372036854773530 2275
9223372036854773531 2274
9223372036854773532 2273
9223372036854773533 2272
9223372036854773534 2271
9223372036854773535 2270
9223372036854773536 2269
9223372036854773537 2268
9223372036854773538 2267
9223372036854773539 2266
9223372036854773540 2265
9223372036854773541 2264
9223372036854773542 2263
9223372036854773543 2262
9223372036854773544 2261
9223372036854773545 2260
9223372036854773546 2259
9223372036854773547 2258
9223372036854773548 2257
9223372036854773549 2256
9223372036854773550 2255
9223372036854773551 2254
9223372036854773552 2253
9223372036854773553 2252
9223372036854773554 2251
9223372036854773555 2250
9223372036854773556 2249
9223372036854773557 2248
9223372036854773558 2247
9223372036854773559 2246
9223372036854773560 2245
9223372036854773561 2244
9223372036854773562 2243
9223372036854773563 2242
9223372036854773564 2241
9223372036854773565 2240
9223372036854773566 2239
9223372036854773567 2238
9223372036854773568 2237
9223372036854773569 2236
9223372036854773570 2235
9223372036854773571 2234
9223372036854773572 2233
9223372036854773573 2232
9223372036854773574 2231
9223372036854773575 2230
9223372036854773576 2229
9223372036854773577 2228
9223372036854773578 2227
9223372036854773579 2226
9223372036854773580 2225
9223372036854773581 2224
9223372036854773582 2223
9223372036854773583 2222
9223372036854773584 2221
9223372036854773585 2220
9223372036854773586 2219
9223372036854773587 2218
9223372036854773588 2217
9223372036854773589 2216
9223372036854773590 2215
9223372036854773591 2214
9223372036854773592 2213
9223372036854773593 2212
9223372036854773594 2211
9223372036854773595 2210
9223372036854773596 2209
9223372036854773597 2208
9223372036854773598 2207
9223372036854773599 2206
9223372036854773600 2205
9223372036854773601 2204
9223372036854773602 2203
9223372036854773603 2202
9223372036854773604 2201
9223372036854773605 2200
9223372036854773606 2199
9223372036854773607 2198
9223372036854773608 2197
9223372036854773609 2196
9223372036854773610 2195
9223372036854773611 2194
9223372036854773612 2193
9223372036854773613 2192
9223372036854773614 2191
9223372036854773615 2190
9223372036854773616 2189
9223372036854773617 2188
9223372036854773618 2187
9223372036854773619 2186
9223372036854773620 2185
9223372036854773621 2184
9223372036854773622 2183
9223372036854773623 2182
9223372036854773624 2181
9223372036854773625 2180
9223372036854773626 2179
9223372036854773627 2178
9223372036854773628 2177
9223372036854773629 2176
9223372036854773630 2175
9223372036854773631 2174
9223372036854773632 2173
9223372036854773633 2172
9223372036854773634 2171
9223372036854773635 2170
9223372036854773636 2169
9223372036854773637 2168
9223372036854773638 2167
9223372036854773639 2166
9223372036854773640 2165
9223372036854773641 2164
9223372036854773642 2163
9223372036854773643 2162
9223372036854773644 2161
9223372036854773645 2160
9223372036854773646 2159
9223372036854773647 2158
9223372036854773648 2157
9223372036854773649 2156
9223372036854773650 2155
9223372036854773651 2154
9223372036854773652 2153
9223372036854773653 2152
9223372036854773654 2151
9223372036854773655 2150
9223372036854773656 2149
9223372036854773657 2148
9223372036854773658 2147
9223372036854773659 2146
9223372036854773660 2145
9223372036854773661 2144
9223372036854773662 2143
9223372036854773663 2142
9223372036854773664 2141
9223372036854773665 2140
9223372036854773666 2139
9223372036854773667 2138
9223372036854773668 2137
9223372036854773669 2136
9223372036854773670 2135
9223372036854773671 2134
9223372036854773672 2133
9223372036854773673 2132
9223372036854773674 2131
9223372036854773675 2130
9223372036854773676 2129
9223372036854773677 2128
9223372036854773678 2127
9223372036854773679 2126
9223372036854773680 2125
9223372036854773681 2124
9223372036854773682 2123
9223372036854773683 2122
9223372036854773684 2121
9223372036854773685 2120
9223372036854773686 2119
9223372036854773687 2118
9223372036854773688 2117
9223372036854773689 2116
9223372036854773690 2115
9223372036854773691 2114
9223372036854773692 2113
9223372036854773693 2112
9223372036854773694 2111
9223372036854773695 2110
9223372036854773696 2109
9223372036854773697 2108
9223372036854773698 2107
9223372036854773699 2106
9223372036854773700 2105
9223372036854773701 2104
9223372036854773702 2103
9223372036854773703 2102
9223372036854773704 2101
9223372036854773705 2100
9223372036854773706 2099
9223372036854773707 2098
9223372036854773708 2097
9223372036854773709 2096
9223372036854773710 2095
9223372036854773711 2094
9223372036854773712 2093
9223372036854773713 2092
9223372036854773714 2091
9223372036854773715 2090
9223372036854773716 2089
9223372036854773717 2088
9223372036854773718 2087
9223372036854773719 2086
9223372036854773720 2085
9223372036854773721 2084
9223372036854773722 2083
9223372036854773723 2082
9223372036854773724 2081
9223372036854773725 2080
9223372036854773726 2079
9223372036854773727 2078
9223372036854773728 2077
9223372036854773729 2076
9223372036854773730 2075
9223372036854773731 2074
9223372036854773732 2073
9223372036854773733 2072
9223372036854773734 2071
9223372036854773735 2070
9223372036854773736 2069
9223372036854773737 2068
9223372036854773738 2067
9223372036854773739 2066
9223372036854773740 2065
9223372036854773741 2064
9223372036854773742 2063
9223372036854773743 2062
9223372036854773744 2061
9223372036854773745 2060
9223372036854773746 2059
9223372036854773747 2058
9223372036854773748 2057
9223372036854773749 2056
9223372036854773750 2055
9223372036854773751 2054
9223372036854773752 2053
9223372036854773753 2052
9223372036854773754 2051
9223372036854773755 2050
9223372036854773756 2049
9223372036854773757 2048
9223372036854773758 2047
9223372036854773759 2046
9223372036854773760 2045
9223372036854773761 2044
9223372036854773762 2043
9223372036854773763 2042
9223372036854773764 2041
9223372036854773765 2040
9223372036854773766 2039
9223372036854773767 2038
9223372036854773768 2037
9223372036854773769 2036
9223372036854773770 2035
9223372036854773771 2034
9223372036854773772 2033
9223372036854773773 2032
9223372036854773774 2031
9223372036854773775 2030
9223372036854773776 2029
9223372036854773777 2028
9223372036854773778 2027
9223372036854773779 2026
9223372036854773780 2025
9223372036854773781 2024
9223372036854773782 2023
9223372036854773783 2022
9223372036854773784 2021
9223372036854773785 2020
9223372036854773786 2019
9223372036854773787 2018
9223372036854773788 2017
9223372036854773789 2016
9223372036854773790 2015
9223372036854773791 2014
9223372036854773792 2013
9223372036854773793 2012
9223372036854773794 2011
9223372036854773795 2010
9223372036854773796 2009
9223372036854773797 2008
9223372036854773798 2007
9223372036854773799 2006
9223372036854773800 2005
9223372036854773801 2004
9223372036854773802 2003
9223372036854773803 2002
9223372036854773804 2001
9223372036854773805 2000
9223372036854773806 1999
9223372036854773807 1998
9223372036854773808 1997
9223372036854773809 1996
9223372036854773810 1995
9223372036854773811 1994
9223372036854773812 1993
9223372036854773813 1992
9223372036854773814 1991
9223372036854773815 1990
9223372036854773816 1989
9223372036854773817 1988
9223372036854773818 1987
9223372036854773819 1986
9223372036854773820 1985
9223372036854773821 1984
9223372036854773822 1983
9223372036854773823 1982
9223372036854773824 1981
9223372036854773825 1980
9223372036854773826 1979
9223372036854773827 1978
9223372036854773828 1977
9223372036854773829 1976
9223372036854773830 1975
9223372036854773831 1974
9223372036854773832 1973
9223372036854773833 1972
9223372036854773834 1971
9223372036854773835 1970
9223372036854773836 1969
9223372036854773837 1968
9223372036854773838 1967
9223372036854773839 1966
9223372036854773840 1965
9223372036854773841 1964
9223372036854773842 1963
9223372036854773843 1962
9223372036854773844 1961
9223372036854773845 1960
9223372036854773846 1959
9223372036854773847 1958
9223372036854773848 1957
9223372036854773849 1956
9223372036854773850 1955
9223372036854773851 1954
9223372036854773852 1953
9223372036854773853 1952
9223372036854773854 1951
9223372036854773855 1950
9223372036854773856 1949
9223372036854773857 1948
9223372036854773858 1947
9223372036854773859 1946
9223372036854773860 1945
9223372036854773861 1944
9223372036854773862 1943
9223372036854773863 1942
9223372036854773864 1941
9223372036854773865 1940
9223372036854773866 1939
9223372036854773867 1938
9223372036854773868 1937
9223372036854773869 1936
9223372036854773870 1935
9223372036854773871 1934
9223372036854773872 1933
9223372036854773873 1932
9223372036854773874 1931
9223372036854773875 1930
9223372036854773876 1929
9223372036854773877 1928
9223372036854773878 1927
9223372036854773879 1926
9223372036854773880 1925
9223372036854773881 1924
9223372036854773882 1923
9223372036854773883 1922
9223372036854773884 1921
9223372036854773885 1920
9223372036854773886 1919
9223372036854773887 1918
9223372036854773888 1917
9223372036854773889 1916
9223372036854773890 1915
9223372036854773891 1914
9223372036854773892 1913
9223372036854773893 1912
9223372036854773894 1911
9223372036854773895 1910
9223372036854773896 1909
9223372036854773897 1908
9223372036854773898 1907
9223372036854773899 1906
9223372036854773900 1905
9223372036854773901 1904
9223372036854773902 1903
9223372036854773903 1902
9223372036854773904 1901
9223372036854773905 1900
9223372036854773906 1899
9223372036854773907 1898
9223372036854773908 1897
9223372036854773909 1896
9223372036854773910 1895
9223372036854773911 1894
9223372036854773912 1893
9223372036854773913 1892
9223372036854773914 1891
9223372036854773915 1890
9223372036854773916 1889
9223372036854773917 1888
9223372036854773918 1887
9223372036854773919 1886
9223372036854773920 1885
9223372036854773921 1884
9223372036854773922 1883
9223372036854773923 1882
9223372036854773924 1881
9223372036854773925 1880
9223372036854773926 1879
9223372036854773927 1878
9223372036854773928 1877
9223372036854773929 1876
9223372036854773930 1875
9223372036854773931 1874
9223372036854773932 1873
9223372036854773933 1872
9223372036854773934 1871
9223372036854773935 1870
9223372036854773936 1869
9223372036854773937 1868
9223372036854773938 1867
9223372036854773939 1866
9223372036854773940 1865
9223372036854773941 1864
9223372036854773942 1863
9223372036854773943 1862
9223372036854773944 1861
9223372036854773945 1860
9223372036854773946 1859
9223372036854773947 1858
9223372036854773948 1857
9223372036854773949 1856
9223372036854773950 1855
9223372036854773951 1854
9223372036854773952 1853
9223372036854773953 1852
9223372036854773954 1851
9223372036854773955 1850
9223372036854773956 1849
9223372036854773957 1848
9223372036854773958 1847
9223372036854773959 1846
9223372036854773960 1845
9223372036854773961 1844
9223372036854773962 1843
9223372036854773963 1842
9223372036854773964 1841
9223372036854773965 1840
9223372036854773966 1839
9223372036854773967 1838
9223372036854773968 1837
9223372036854773969 1836
9223372036854773970 1835
9223372036854773971 1834
9223372036854773972 1833
9223372036854773973 1832
9223372036854773974 1831
9223372036854773975 1830
9223372036854773976 1829
9223372036854773977 1828
9223372036854773978 1827
9223372036854773979 1826
9223372036854773980 1825
9223372036854773981 1824
9223372036854773982 1823
9223372036854773983 1822
9223372036854773984 1821
9223372036854773985 1820
9223372036854773986 1819
9223372036854773987 1818
9223372036854773988 1817
9223372036854773989 1816
9223372036854773990 1815
9223372036854773991 1814
9223372036854773992 1813
9223372036854773993 1812
9223372036854773994 1811
9223372036854773995 1810
9223372036854773996 1809
9223372036854773997 1808
9223372036854773998 1807
9223372036854773999 1806
9223372036854774000 1805
9223372036854774001 1804
9223372036854774002 1803
9223372036854774003 1802
9223372036854774004 1801
9223372036854774005 1800
9223372036854774006 1799
9223372036854774007 1798
9223372036854774008 1797
9223372036854774009 1796
9223372036854774010 1795
9223372036854774011 1794
9223372036854774012 1793
9223372036854774013 1792
9223372036854774014 1791
9223372036854774015 1790
9223372036854774016 1789
9223372036854774017 1788
9223372036854774018 1787
9223372036854774019 1786
9223372036854774020 1785
9223372036854774021 1784
9223372036854774022 1783
9223372036854774023 1782
9223372036854774024 1781
9223372036854774025 1780
9223372036854774026 1779
9223372036854774027 1778
9223372036854774028 1777
9223372036854774029 1776
9223372036854774030 1775
9223372036854774031 1774
9223372036854774032 1773
9223372036854774033 1772
9223372036854774034 1771
9223372036854774035 1770
9223372036854774036 1769
9223372036854774037 1768
9223372036854774038 1767
9223372036854774039 1766
9223372036854774040 1765
9223372036854774041 1764
9223372036854774042 1763
9223372036854774043 1762
9223372036854774044 1761
9223372036854774045 1760
9223372036854774046 1759
9223372036854774047 1758
9223372036854774048 1757
9223372036854774049 1756
9223372036854774050 1755
9223372036854774051 1754
9223372036854774052 1753
9223372036854774053 1752
9223372036854774054 1751
9223372036854774055 1750
9223372036854774056 1749
9223372036854774057 1748
9223372036854774058 1747
9223372036854774059 1746
9223372036854774060 1745
9223372036854774061 1744
9223372036854774062 1743
9223372036854774063 1742
9223372036854774064 1741
9223372036854774065 1740
9223372036854774066 1739
9223372036854774067 1738
9223372036854774068 1737
9223372036854774069 1736
9223372036854774070 1735
9223372036854774071 1734
9223372036854774072 1733
9223372036854774073 1732
9223372036854774074 1731
9223372036854774075 1730
9223372036854774076 1729
9223372036854774077 1728
9223372036854774078 1727
9223372036854774079 1726
9223372036854774080 1725
9223372036854774081 1724
9223372036854774082 1723
9223372036854774083 1722
9223372036854774084 1721
9223372036854774085 1720
9223372036854774086 1719
9223372036854774087 1718
9223372036854774088 1717
9223372036854774089 1716
9223372036854774090 1715
9223372036854774091 1714
9223372036854774092 1713
9223372036854774093 1712
9223372036854774094 1711
9223372036854774095 1710
9223372036854774096 1709
9223372036854774097 1708
9223372036854774098 1707
9223372036854774099 1706
9223372036854774100 1705
9223372036854774101 1704
9223372036854774102 1703
9223372036854774103 1702
9223372036854774104 1701
9223372036854774105 1700
9223372036854774106 1699
9223372036854774107 1698
9223372036854774108 1697
9223372036854774109 1696
9223372036854774110 1695
9223372036854774111 1694
9223372036854774112 1693
9223372036854774113 1692
9223372036854774114 1691
9223372036854774115 1690
9223372036854774116 1689
9223372036854774117 1688
9223372036854774118 1687
9223372036854774119 1686
9223372036854774120 1685
9223372036854774121 1684
9223372036854774122 1683
9223372036854774123 1682
9223372036854774124 1681
9223372036854774125 1680
9223372036854774126 1679
9223372036854774127 1678
9223372036854774128 1677
9223372036854774129 1676
9223372036854774130 1675
9223372036854774131 1674
9223372036854774132 1673
9223372036854774133 1672
9223372036854774134 1671
9223372036854774135 1670
9223372036854774136 1669
9223372036854774137 1668
9223372036854774138 1667
9223372036854774139 1666
9223372036854774140 1665
9223372036854774141 1664
9223372036854774142 1663
9223372036854774143 1662
9223372036854774144 1661
9223372036854774145 1660
9223372036854774146 1659
9223372036854774147 1658
9223372036854774148 1657
9223372036854774149 1656
9223372036854774150 1655
9223372036854774151 1654
9223372036854774152 1653
9223372036854774153 1652
9223372036854774154 1651
9223372036854774155 1650
9223372036854774156 1649
9223372036854774157 1648
9223372036854774158 1647
9223372036854774159 1646
9223372036854774160 1645
9223372036854774161 1644
9223372036854774162 1643
9223372036854774163 1642
9223372036854774164 1641
9223372036854774165 1640
9223372036854774166 1639
9223372036854774167 1638
9223372036854774168 1637
9223372036854774169 1636
9223372036854774170 1635
9223372036854774171 1634
9223372036854774172 1633
9223372036854774173 1632
9223372036854774174 1631
9223372036854774175 1630
9223372036854774176 1629
9223372036854774177 1628
9223372036854774178 1627
9223372036854774179 1626
9223372036854774180 1625
9223372036854774181 1624
9223372036854774182 1623
9223372036854774183 1622
9223372036854774184 1621
9223372036854774185 1620
9223372036854774186 1619
9223372036854774187 1618
9223372036854774188 1617
9223372036854774189 1616
9223372036854774190 1615
9223372036854774191 1614
9223372036854774192 1613
9223372036854774193 1612
9223372036854774194 1611
9223372036854774195 1610
9223372036854774196 1609
9223372036854774197 1608
9223372036854774198 1607
9223372036854774199 1606
9223372036854774200 1605
9223372036854774201 1604
9223372036854774202 1603
9223372036854774203 1602
9223372036854774204 1601
9223372036854774205 1600
9223372036854774206 1599
9223372036854774207 1598
9223372036854774208 1597
9223372036854774209 1596
9223372036854774210 1595
9223372036854774211 1594
9223372036854774212 1593
9223372036854774213 1592
9223372036854774214 1591
9223372036854774215 1590
9223372036854774216 1589
9223372036854774217 1588
9223372036854774218 1587
9223372036854774219 1586
9223372036854774220 1585
9223372036854774221 1584
9223372036854774222 1583
9223372036854774223 1582
9223372036854774224 1581
9223372036854774225 1580
9223372036854774226 1579
9223372036854774227 1578
9223372036854774228 1577
9223372036854774229 1576
9223372036854774230 1575
9223372036854774231 1574
9223372036854774232 1573
9223372036854774233 1572
9223372036854774234 1571
9223372036854774235 1570
9223372036854774236 1569
9223372036854774237 1568
9223372036854774238 1567
9223372036854774239 1566
9223372036854774240 1565
9223372036854774241 1564
9223372036854774242 1563
9223372036854774243 1562
9223372036854774244 1561
9223372036854774245 1560
9223372036854774246 1559
9223372036854774247 1558
9223372036854774248 1557
9223372036854774249 1556
9223372036854774250 1555
9223372036854774251 1554
9223372036854774252 1553
9223372036854774253 1552
9223372036854774254 1551
9223372036854774255 1550
9223372036854774256 1549
9223372036854774257 1548
9223372036854774258 1547
9223372036854774259 1546
9223372036854774260 1545
9223372036854774261 1544
9223372036854774262 1543
9223372036854774263 1542
9223372036854774264 1541
9223372036854774265 1540
9223372036854774266 1539
9223372036854774267 1538
9223372036854774268 1537
9223372036854774269 1536
9223372036854774270 1535
9223372036854774271 1534
9223372036854774272 1533
9223372036854774273 1532
9223372036854774274 1531
9223372036854774275 1530
9223372036854774276 1529
9223372036854774277 1528
9223372036854774278 1527
9223372036854774279 1526
9223372036854774280 1525
9223372036854774281 1524
9223372036854774282 1523
9223372036854774283 1522
9223372036854774284 1521
9223372036854774285 1520
9223372036854774286 1519
9223372036854774287 1518
9223372036854774288 1517
9223372036854774289 1516
9223372036854774290 1515
9223372036854774291 1514
9223372036854774292 1513
9223372036854774293 1512
9223372036854774294 1511
9223372036854774295 1510
9223372036854774296 1509
9223372036854774297 1508
9223372036854774298 1507
9223372036854774299 1506
9223372036854774300 1505
9223372036854774301 1504
9223372036854774302 1503
9223372036854774303 1502
9223372036854774304 1501
9223372036854774305 1500
9223372036854774306 1499
9223372036854774307 1498
9223372036854774308 1497
9223372036854774309 1496
9223372036854774310 1495
9223372036854774311 1494
9223372036854774312 1493
9223372036854774313 1492
9223372036854774314 1491
9223372036854774315 1490
9223372036854774316 1489
9223372036854774317 1488
9223372036854774318 1487
9223372036854774319 1486
9223372036854774320 1485
9223372036854774321 1484
9223372036854774322 1483
9223372036854774323 1482
9223372036854774324 1481
9223372036854774325 1480
9223372036854774326 1479
9223372036854774327 1478
9223372036854774328 1477
9223372036854774329 1476
9223372036854774330 1475
9223372036854774331 1474
9223372036854774332 1473
9223372036854774333 1472
9223372036854774334 1471
9223372036854774335 1470
9223372036854774336 1469
9223372036854774337 1468
9223372036854774338 1467
9223372036854774339 1466
9223372036854774340 1465
9223372036854774341 1464
9223372036854774342 1463
9223372036854774343 1462
9223372036854774344 1461
9223372036854774345 1460
9223372036854774346 1459
9223372036854774347 1458
9223372036854774348 1457
9223372036854774349 1456
9223372036854774350 1455
9223372036854774351 1454
9223372036854774352 1453
9223372036854774353 1452
9223372036854774354 1451
9223372036854774355 1450
9223372036854774356 1449
9223372036854774357 1448
9223372036854774358 1447
9223372036854774359 1446
9223372036854774360 1445
9223372036854774361 1444
9223372036854774362 1443
9223372036854774363 1442
9223372036854774364 1441
9223372036854774365 1440
9223372036854774366 1439
9223372036854774367 1438
9223372036854774368 1437
9223372036854774369 1436
9223372036854774370 1435
9223372036854774371 1434
9223372036854774372 1433
9223372036854774373 1432
9223372036854774374 1431
9223372036854774375 1430
9223372036854774376 1429
9223372036854774377 1428
9223372036854774378 1427
9223372036854774379 1426
9223372036854774380 1425
9223372036854774381 1424
9223372036854774382 1423
9223372036854774383 1422
9223372036854774384 1421
9223372036854774385 1420
9223372036854774386 1419
9223372036854774387 1418
9223372036854774388 1417
9223372036854774389 1416
9223372036854774390 1415
9223372036854774391 1414
9223372036854774392 1413
9223372036854774393 1412
9223372036854774394 1411
9223372036854774395 1410
9223372036854774396 1409
9223372036854774397 1408
9223372036854774398 1407
9223372036854774399 1406
9223372036854774400 1405
9223372036854774401 1404
9223372036854774402 1403
9223372036854774403 1402
9223372036854774404 1401
9223372036854774405 1400
9223372036854774406 1399
9223372036854774407 1398
9223372036854774408 1397
9223372036854774409 1396
9223372036854774410 1395
9223372036854774411 1394
9223372036854774412 1393
9223372036854774413 1392
9223372036854774414 1391
9223372036854774415 1390
9223372036854774416 1389
9223372036854774417 1388
9223372036854774418 1387
9223372036854774419 1386
9223372036854774420 1385
9223372036854774421 1384
9223372036854774422 1383
9223372036854774423 1382
9223372036854774424 1381
9223372036854774425 1380
9223372036854774426 1379
9223372036854774427 1378
9223372036854774428 1377
9223372036854774429 1376
9223372036854774430 1375
9223372036854774431 1374
9223372036854774432 1373
9223372036854774433 1372
9223372036854774434 1371
9223372036854774435 1370
9223372036854774436 1369
9223372036854774437 1368
9223372036854774438 1367
9223372036854774439 1366
9223372036854774440 1365
9223372036854774441 1364
9223372036854774442 1363
9223372036854774443 1362
9223372036854774444 1361
9223372036854774445 1360
9223372036854774446 1359
9223372036854774447 1358
9223372036854774448 1357
9223372036854774449 1356
9223372036854774450 1355
9223372036854774451 1354
9223372036854774452 1353
9223372036854774453 1352
9223372036854774454 1351
9223372036854774455 1350
9223372036854774456 1349
9223372036854774457 1348
9223372036854774458 1347
9223372036854774459 1346
9223372036854774460 1345
9223372036854774461 1344
9223372036854774462 1343
9223372036854774463 1342
9223372036854774464 1341
9223372036854774465 1340
9223372036854774466 1339
9223372036854774467 1338
9223372036854774468 1337
9223372036854774469 1336
9223372036854774470 1335
9223372036854774471 1334
9223372036854774472 1333
9223372036854774473 1332
9223372036854774474 1331
9223372036854774475 1330
9223372036854774476 1329
9223372036854774477 1328
9223372036854774478 1327
9223372036854774479 1326
9223372036854774480 1325
9223372036854774481 1324
9223372036854774482 1323
9223372036854774483 1322
9223372036854774484 1321
9223372036854774485 1320
9223372036854774486 1319
9223372036854774487 1318
9223372036854774488 1317
9223372036854774489 1316
9223372036854774490 1315
9223372036854774491 1314
9223372036854774492 1313
9223372036854774493 1312
9223372036854774494 1311
9223372036854774495 1310
9223372036854774496 1309
9223372036854774497 1308
9223372036854774498 1307
9223372036854774499 1306
9223372036854774500 1305
9223372036854774501 1304
9223372036854774502 1303
9223372036854774503 1302
9223372036854774504 1301
9223372036854774505 1300
9223372036854774506 1299
9223372036854774507 1298
9223372036854774508 1297
9223372036854774509 1296
9223372036854774510 1295
9223372036854774511 1294
9223372036854774512 1293
9223372036854774513 1292
9223372036854774514 1291
9223372036854774515 1290
9223372036854774516 1289
9223372036854774517 1288
9223372036854774518 1287
9223372036854774519 1286
9223372036854774520 1285
9223372036854774521 1284
9223372036854774522 1283
9223372036854774523 1282
9223372036854774524 1281
9223372036854774525 1280
9223372036854774526 1279
9223372036854774527 1278
9223372036854774528 1277
9223372036854774529 1276
9223372036854774530 1275
9223372036854774531 1274
9223372036854774532 1273
9223372036854774533 1272
9223372036854774534 1271
9223372036854774535 1270
9223372036854774536 1269
9223372036854774537 1268
9223372036854774538 1267
9223372036854774539 1266
9223372036854774540 1265
9223372036854774541 1264
9223372036854774542 1263
9223372036854774543 1262
9223372036854774544 1261
9223372036854774545 1260
9223372036854774546 1259
9223372036854774547 1258
9223372036854774548 1257
9223372036854774549 1256
9223372036854774550 1255
9223372036854774551 1254
9223372036854774552 1253
9223372036854774553 1252
9223372036854774554 1251
9223372036854774555 1250
9223372036854774556 1249
9223372036854774557 1248
9223372036854774558 1247
9223372036854774559 1246
9223372036854774560 1245
9223372036854774561 1244
9223372036854774562 1243
9223372036854774563 1242
9223372036854774564 1241
9223372036854774565 1240
9223372036854774566 1239
9223372036854774567 1238
9223372036854774568 1237
9223372036854774569 1236
9223372036854774570 1235
9223372036854774571 1234
9223372036854774572 1233
9223372036854774573 1232
9223372036854774574 1231
9223372036854774575 1230
9223372036854774576 1229
9223372036854774577 1228
9223372036854774578 1227
9223372036854774579 1226
9223372036854774580 1225
9223372036854774581 1224
9223372036854774582 1223
9223372036854774583 1222
9223372036854774584 1221
9223372036854774585 1220
9223372036854774586 1219
9223372036854774587 1218
9223372036854774588 1217
9223372036854774589 1216
9223372036854774590 1215
9223372036854774591 1214
9223372036854774592 1213
9223372036854774593 1212
9223372036854774594 1211
9223372036854774595 1210
9223372036854774596 1209
9223372036854774597 1208
9223372036854774598 1207
9223372036854774599 1206
9223372036854774600 1205
9223372036854774601 1204
9223372036854774602 1203
9223372036854774603 1202
9223372036854774604 1201
9223372036854774605 1200
9223372036854774606 1199
9223372036854774607 1198
9223372036854774608 1197
9223372036854774609 1196
9223372036854774610 1195
9223372036854774611 1194
9223372036854774612 1193
9223372036854774613 1192
9223372036854774614 1191
9223372036854774615 1190
9223372036854774616 1189
9223372036854774617 1188
9223372036854774618 1187
9223372036854774619 1186
9223372036854774620 1185
9223372036854774621 1184
9223372036854774622 1183
9223372036854774623 1182
9223372036854774624 1181
9223372036854774625 1180
9223372036854774626 1179
9223372036854774627 1178
9223372036854774628 1177
9223372036854774629 1176
9223372036854774630 1175
9223372036854774631 1174
9223372036854774632 1173
9223372036854774633 1172
9223372036854774634 1171
9223372036854774635 1170
9223372036854774636 1169
9223372036854774637 1168
9223372036854774638 1167
9223372036854774639 1166
9223372036854774640 1165
9223372036854774641 1164
9223372036854774642 1163
9223372036854774643 1162
9223372036854774644 1161
9223372036854774645 1160
9223372036854774646 1159
9223372036854774647 1158
9223372036854774648 1157
9223372036854774649 1156
9223372036854774650 1155
9223372036854774651 1154
9223372036854774652 1153
9223372036854774653 1152
9223372036854774654 1151
9223372036854774655 1150
9223372036854774656 1149
9223372036854774657 1148
9223372036854774658 1147
9223372036854774659 1146
9223372036854774660 1145
9223372036854774661 1144
9223372036854774662 1143
9223372036854774663 1142
9223372036854774664 1141
9223372036854774665 1140
9223372036854774666 1139
9223372036854774667 1138
9223372036854774668 1137
9223372036854774669 1136
9223372036854774670 1135
9223372036854774671 1134
9223372036854774672 1133
9223372036854774673 1132
9223372036854774674 1131
9223372036854774675 1130
9223372036854774676 1129
9223372036854774677 1128
9223372036854774678 1127
9223372036854774679 1126
9223372036854774680 1125
9223372036854774681 1124
9223372036854774682 1123
9223372036854774683 1122
9223372036854774684 1121
9223372036854774685 1120
9223372036854774686 1119
9223372036854774687 1118
9223372036854774688 1117
9223372036854774689 1116
9223372036854774690 1115
9223372036854774691 1114
9223372036854774692 1113
9223372036854774693 1112
9223372036854774694 1111
9223372036854774695 1110
9223372036854774696 1109
9223372036854774697 1108
9223372036854774698 1107
9223372036854774699 1106
9223372036854774700 1105
9223372036854774701 1104
9223372036854774702 1103
9223372036854774703 1102
9223372036854774704 1101
9223372036854774705 1100
9223372036854774706 1099
9223372036854774707 1098
9223372036854774708 1097
9223372036854774709 1096
9223372036854774710 1095
9223372036854774711 1094
9223372036854774712 1093
9223372036854774713 1092
9223372036854774714 1091
9223372036854774715 1090
9223372036854774716 1089
9223372036854774717 1088
9223372036854774718 1087
9223372036854774719 1086
9223372036854774720 1085
9223372036854774721 1084
9223372036854774722 1083
9223372036854774723 1082
9223372036854774724 1081
9223372036854774725 1080
9223372036854774726 1079
9223372036854774727 1078
9223372036854774728 1077
9223372036854774729 1076
9223372036854774730 1075
9223372036854774731 1074
9223372036854774732 1073
9223372036854774733 1072
9223372036854774734 1071
9223372036854774735 1070
9223372036854774736 1069
9223372036854774737 1068
9223372036854774738 1067
9223372036854774739 1066
9223372036854774740 1065
9223372036854774741 1064
9223372036854774742 1063
9223372036854774743 1062
9223372036854774744 1061
9223372036854774745 1060
9223372036854774746 1059
9223372036854774747 1058
9223372036854774748 1057
9223372036854774749 1056
9223372036854774750 1055
9223372036854774751 1054
9223372036854774752 1053
9223372036854774753 1052
9223372036854774754 1051
9223372036854774755 1050
9223372036854774756 1049
9223372036854774757 1048
9223372036854774758 1047
9223372036854774759 1046
9223372036854774760 1045
9223372036854774761 1044
9223372036854774762 1043
9223372036854774763 1042
9223372036854774764 1041
9223372036854774765 1040
9223372036854774766 1039
9223372036854774767 1038
9223372036854774768 1037
9223372036854774769 1036
9223372036854774770 1035
9223372036854774771 1034
9223372036854774772 1033
9223372036854774773 1032
9223372036854774774 1031
9223372036854774775 1030
9223372036854774776 1029
9223372036854774777 1028
9223372036854774778 1027
9223372036854774779 1026
9223372036854774780 1025
9223372036854774781 1024
9223372036854774782 1023
9223372036854774783 1022
9223372036854774784 1021
9223372036854774785 1020
9223372036854774786 1019
9223372036854774787 1018
9223372036854774788 1017
9223372036854774789 1016
9223372036854774790 1015
9223372036854774791 1014
9223372036854774792 1013
9223372036854774793 1012
9223372036854774794 1011
9223372036854774795 1010
9223372036854774796 1009
9223372036854774797 1008
9223372036854774798 1007
9223372036854774799 1006
9223372036854774800 1005
9223372036854774801 1004
9223372036854774802 1003
9223372036854774803 1002
9223372036854774804 1001
9223372036854774805 1000
9223372036854774806 999
9223372036854774807 998
9223372036854774808 997
9223372036854774809 996
9223372036854774810 995
9223372036854774811 994
9223372036854774812 993
9223372036854774813 992
9223372036854774814 991
9223372036854774815 990
9223372036854774816 989
9223372036854774817 988
9223372036854774818 987
9223372036854774819 986
9223372036854774820 985
9223372036854774821 984
9223372036854774822 983
9223372036854774823 982
9223372036854774824 981
9223372036854774825 980
9223372036854774826 979
9223372036854774827 978
9223372036854774828 977
9223372036854774829 976
9223372036854774830 975
9223372036854774831 974
9223372036854774832 973
9223372036854774833 972
9223372036854774834 971
9223372036854774835 970
9223372036854774836 969
9223372036854774837 968
9223372036854774838 967
9223372036854774839 966
9223372036854774840 965
9223372036854774841 964
9223372036854774842 963
9223372036854774843 962
9223372036854774844 961
9223372036854774845 960
9223372036854774846 959
9223372036854774847 958
9223372036854774848 957
9223372036854774849 956
9223372036854774850 955
9223372036854774851 954
9223372036854774852 953
9223372036854774853 952
9223372036854774854 951
9223372036854774855 950
9223372036854774856 949
9223372036854774857 948
9223372036854774858 947
9223372036854774859 946
9223372036854774860 945
9223372036854774861 944
9223372036854774862 943
9223372036854774863 942
9223372036854774864 941
9223372036854774865 940
9223372036854774866 939
9223372036854774867 938
9223372036854774868 937
9223372036854774869 936
9223372036854774870 935
9223372036854774871 934
9223372036854774872 933
9223372036854774873 932
9223372036854774874 931
9223372036854774875 930
9223372036854774876 929
9223372036854774877 928
9223372036854774878 927
9223372036854774879 926
9223372036854774880 925
9223372036854774881 924
9223372036854774882 923
9223372036854774883 922
9223372036854774884 921
9223372036854774885 920
9223372036854774886 919
9223372036854774887 918
9223372036854774888 917
9223372036854774889 916
9223372036854774890 915
9223372036854774891 914
9223372036854774892 913
9223372036854774893 912
9223372036854774894 911
9223372036854774895 910
9223372036854774896 909
9223372036854774897 908
9223372036854774898 907
9223372036854774899 906
9223372036854774900 905
9223372036854774901 904
9223372036854774902 903
9223372036854774903 902
9223372036854774904 901
9223372036854774905 900
9223372036854774906 899
9223372036854774907 898
9223372036854774908 897
9223372036854774909 896
9223372036854774910 895
9223372036854774911 894
9223372036854774912 893
9223372036854774913 892
9223372036854774914 891
9223372036854774915 890
9223372036854774916 889
9223372036854774917 888
9223372036854774918 887
9223372036854774919 886
9223372036854774920 885
9223372036854774921 884
9223372036854774922 883
9223372036854774923 882
9223372036854774924 881
9223372036854774925 880
9223372036854774926 879
9223372036854774927 878
9223372036854774928 877
9223372036854774929 876
9223372036854774930 875
9223372036854774931 874
9223372036854774932 873
9223372036854774933 872
9223372036854774934 871
9223372036854774935 870
9223372036854774936 869
9223372036854774937 868
9223372036854774938 867
9223372036854774939 866
9223372036854774940 865
9223372036854774941 864
9223372036854774942 863
9223372036854774943 862
9223372036854774944 861
9223372036854774945 860
9223372036854774946 859
9223372036854774947 858
9223372036854774948 857
9223372036854774949 856
9223372036854774950 855
9223372036854774951 854
9223372036854774952 853
9223372036854774953 852
9223372036854774954 851
9223372036854774955 850
9223372036854774956 849
9223372036854774957 848
9223372036854774958 847
9223372036854774959 846
9223372036854774960 845
9223372036854774961 844
9223372036854774962 843
9223372036854774963 842
9223372036854774964 841
9223372036854774965 840
9223372036854774966 839
9223372036854774967 838
9223372036854774968 837
9223372036854774969 836
9223372036854774970 835
9223372036854774971 834
9223372036854774972 833
9223372036854774973 832
9223372036854774974 831
9223372036854774975 830
9223372036854774976 829
9223372036854774977 828
9223372036854774978 827
9223372036854774979 826
9223372036854774980 825
9223372036854774981 824
9223372036854774982 823
9223372036854774983 822
9223372036854774984 821
9223372036854774985 820
9223372036854774986 819
9223372036854774987 818
9223372036854774988 817
9223372036854774989 816
9223372036854774990 815
9223372036854774991 814
9223372036854774992 813
9223372036854774993 812
9223372036854774994 811
9223372036854774995 810
9223372036854774996 809
9223372036854774997 808
9223372036854774998 807
9223372036854774999 806
9223372036854775000 805
9223372036854775001 804
9223372036854775002 803
9223372036854775003 802
9223372036854775004 801
9223372036854775005 800
9223372036854775006 799
9223372036854775007 798
9223372036854775008 797
9223372036854775009 796
9223372036854775010 795
9223372036854775011 794
9223372036854775012 793
9223372036854775013 792
9223372036854775014 791
9223372036854775015 790
9223372036854775016 789
9223372036854775017 788
9223372036854775018 787
9223372036854775019 786
9223372036854775020 785
9223372036854775021 784
9223372036854775022 783
9223372036854775023 782
9223372036854775024 781
9223372036854775025 780
9223372036854775026 779
9223372036854775027 778
9223372036854775028 777
9223372036854775029 776
9223372036854775030 775
9223372036854775031 774
9223372036854775032 773
9223372036854775033 772
9223372036854775034 771
9223372036854775035 770
9223372036854775036 769
9223372036854775037 768
9223372036854775038 767
9223372036854775039 766
9223372036854775040 765
9223372036854775041 764
9223372036854775042 763
9223372036854775043 762
9223372036854775044 761
9223372036854775045 760
9223372036854775046 759
9223372036854775047 758
9223372036854775048 757
9223372036854775049 756
9223372036854775050 755
9223372036854775051 754
9223372036854775052 753
9223372036854775053 752
9223372036854775054 751
9223372036854775055 750
9223372036854775056 749
9223372036854775057 748
9223372036854775058 747
9223372036854775059 746
9223372036854775060 745
9223372036854775061 744
9223372036854775062 743
9223372036854775063 742
9223372036854775064 741
9223372036854775065 740
9223372036854775066 739
9223372036854775067 738
9223372036854775068 737
9223372036854775069 736
9223372036854775070 735
9223372036854775071 734
9223372036854775072 733
9223372036854775073 732
9223372036854775074 731
9223372036854775075 730
9223372036854775076 729
9223372036854775077 728
9223372036854775078 727
9223372036854775079 726
9223372036854775080 725
9223372036854775081 724
9223372036854775082 723
9223372036854775083 722
9223372036854775084 721
9223372036854775085 720
9223372036854775086 719
9223372036854775087 718
9223372036854775088 717
9223372036854775089 716
9223372036854775090 715
9223372036854775091 714
9223372036854775092 713
9223372036854775093 712
9223372036854775094 711
9223372036854775095 710
9223372036854775096 709
9223372036854775097 708
9223372036854775098 707
9223372036854775099 706
9223372036854775100 705
9223372036854775101 704
9223372036854775102 703
9223372036854775103 702
9223372036854775104 701
9223372036854775105 700
9223372036854775106 699
9223372036854775107 698
9223372036854775108 697
9223372036854775109 696
9223372036854775110 695
9223372036854775111 694
9223372036854775112 693
9223372036854775113 692
9223372036854775114 691
9223372036854775115 690
9223372036854775116 689
9223372036854775117 688
9223372036854775118 687
9223372036854775119 686
9223372036854775120 685
9223372036854775121 684
9223372036854775122 683
9223372036854775123 682
9223372036854775124 681
9223372036854775125 680
9223372036854775126 679
9223372036854775127 678
9223372036854775128 677
9223372036854775129 676
9223372036854775130 675
9223372036854775131 674
9223372036854775132 673
9223372036854775133 672
9223372036854775134 671
9223372036854775135 670
9223372036854775136 669
9223372036854775137 668
9223372036854775138 667
9223372036854775139 666
9223372036854775140 665
9223372036854775141 664
9223372036854775142 663
9223372036854775143 662
9223372036854775144 661
9223372036854775145 660
9223372036854775146 659
9223372036854775147 658
9223372036854775148 657
9223372036854775149 656
9223372036854775150 655
9223372036854775151 654
9223372036854775152 653
9223372036854775153 652
9223372036854775154 651
9223372036854775155 650
9223372036854775156 649
9223372036854775157 648
9223372036854775158 647
9223372036854775159 646
9223372036854775160 645
9223372036854775161 644
9223372036854775162 643
9223372036854775163 642
9223372036854775164 641
9223372036854775165 640
9223372036854775166 639
9223372036854775167 638
9223372036854775168 637
9223372036854775169 636
9223372036854775170 635
9223372036854775171 634
9223372036854775172 633
9223372036854775173 632
9223372036854775174 631
9223372036854775175 630
9223372036854775176 629
9223372036854775177 628
9223372036854775178 627
9223372036854775179 626
9223372036854775180 625
9223372036854775181 624
9223372036854775182 623
9223372036854775183 622
9223372036854775184 621
9223372036854775185 620
9223372036854775186 619
9223372036854775187 618
9223372036854775188 617
9223372036854775189 616
9223372036854775190 615
9223372036854775191 614
9223372036854775192 613
9223372036854775193 612
9223372036854775194 611
9223372036854775195 610
9223372036854775196 609
9223372036854775197 608
9223372036854775198 607
9223372036854775199 606
9223372036854775200 605
9223372036854775201 604
9223372036854775202 603
9223372036854775203 602
9223372036854775204 601
9223372036854775205 600
9223372036854775206 599
9223372036854775207 598
9223372036854775208 597
9223372036854775209 596
9223372036854775210 595
9223372036854775211 594
9223372036854775212 593
9223372036854775213 592
9223372036854775214 591
9223372036854775215 590
9223372036854775216 589
9223372036854775217 588
9223372036854775218 587
9223372036854775219 586
9223372036854775220 585
9223372036854775221 584
9223372036854775222 583
9223372036854775223 582
9223372036854775224 581
9223372036854775225 580
9223372036854775226 579
9223372036854775227 578
9223372036854775228 577
9223372036854775229 576
9223372036854775230 575
9223372036854775231 574
9223372036854775232 573
9223372036854775233 572
9223372036854775234 571
9223372036854775235 570
9223372036854775236 569
9223372036854775237 568
9223372036854775238 567
9223372036854775239 566
9223372036854775240 565
9223372036854775241 564
9223372036854775242 563
9223372036854775243 562
9223372036854775244 561
9223372036854775245 560
9223372036854775246 559
9223372036854775247 558
9223372036854775248 557
9223372036854775249 556
9223372036854775250 555
9223372036854775251 554
9223372036854775252 553
9223372036854775253 552
9223372036854775254 551
9223372036854775255 550
9223372036854775256 549
9223372036854775257 548
9223372036854775258 547
9223372036854775259 546
9223372036854775260 545
9223372036854775261 544
9223372036854775262 543
9223372036854775263 542
9223372036854775264 541
9223372036854775265 540
9223372036854775266 539
9223372036854775267 538
9223372036854775268 537
9223372036854775269 536
9223372036854775270 535
9223372036854775271 534
9223372036854775272 533
9223372036854775273 532
9223372036854775274 531
9223372036854775275 530
9223372036854775276 529
9223372036854775277 528
9223372036854775278 527
9223372036854775279 526
9223372036854775280 525
9223372036854775281 524
9223372036854775282 523
9223372036854775283 522
9223372036854775284 521
9223372036854775285 520
9223372036854775286 519
9223372036854775287 518
9223372036854775288 517
9223372036854775289 516
9223372036854775290 515
9223372036854775291 514
9223372036854775292 513
9223372036854775293 512
9223372036854775294 511
9223372036854775295 510
9223372036854775296 509
9223372036854775297 508
9223372036854775298 507
9223372036854775299 506
9223372036854775300 505
9223372036854775301 504
9223372036854775302 503
9223372036854775303 502
9223372036854775304 501
9223372036854775305 500
9223372036854775306 499
9223372036854775307 498
9223372036854775308 497
9223372036854775309 496
9223372036854775310 495
9223372036854775311 494
9223372036854775312 493
9223372036854775313 492
9223372036854775314 491
9223372036854775315 490
9223372036854775316 489
9223372036854775317 488
9223372036854775318 487
9223372036854775319 486
9223372036854775320 485
9223372036854775321 484
9223372036854775322 483
9223372036854775323 482
9223372036854775324 481
9223372036854775325 480
9223372036854775326 479
9223372036854775327 478
9223372036854775328 477
9223372036854775329 476
9223372036854775330 475
9223372036854775331 474
9223372036854775332 473
9223372036854775333 472
9223372036854775334 471
9223372036854775335 470
9223372036854775336 469
9223372036854775337 468
9223372036854775338 467
9223372036854775339 466
9223372036854775340 465
9223372036854775341 464
9223372036854775342 463
9223372036854775343 462
9223372036854775344 461
9223372036854775345 460
9223372036854775346 459
9223372036854775347 458
9223372036854775348 457
9223372036854775349 456
9223372036854775350 455
9223372036854775351 454
9223372036854775352 453
9223372036854775353 452
9223372036854775354 451
9223372036854775355 450
9223372036854775356 449
9223372036854775357 448
9223372036854775358 447
9223372036854775359 446
9223372036854775360 445
9223372036854775361 444
9223372036854775362 443
9223372036854775363 442
9223372036854775364 441
9223372036854775365 440
9223372036854775366 439
9223372036854775367 438
9223372036854775368 437
9223372036854775369 436
9223372036854775370 435
9223372036854775371 434
9223372036854775372 433
9223372036854775373 432
9223372036854775374 431
9223372036854775375 430
9223372036854775376 429
9223372036854775377 428
9223372036854775378 427
9223372036854775379 426
9223372036854775380 425
9223372036854775381 424
9223372036854775382 423
9223372036854775383 422
9223372036854775384 421
9223372036854775385 420
9223372036854775386 419
9223372036854775387 418
9223372036854775388 417
9223372036854775389 416
9223372036854775390 415
9223372036854775391 414
9223372036854775392 413
9223372036854775393 412
9223372036854775394 411
9223372036854775395 410
9223372036854775396 409
9223372036854775397 408
9223372036854775398 407
9223372036854775399 406
9223372036854775400 405
9223372036854775401 404
9223372036854775402 403
9223372036854775403 402
9223372036854775404 401
9223372036854775405 400
9223372036854775406 399
9223372036854775407 398
9223372036854775408 397
9223372036854775409 396
9223372036854775410 395
9223372036854775411 394
9223372036854775412 393
9223372036854775413 392
9223372036854775414 391
9223372036854775415 390
9223372036854775416 389
9223372036854775417 388
9223372036854775418 387
9223372036854775419 386
9223372036854775420 385
9223372036854775421 384
9223372036854775422 383
9223372036854775423 382
9223372036854775424 381
9223372036854775425 380
9223372036854775426 379
9223372036854775427 378
9223372036854775428 377
9223372036854775429 376
9223372036854775430 375
9223372036854775431 374
9223372036854775432 373
9223372036854775433 372
9223372036854775434 371
9223372036854775435 370
9223372036854775436 369
9223372036854775437 368
9223372036854775438 367
9223372036854775439 366
9223372036854775440 365
9223372036854775441 364
9223372036854775442 363
9223372036854775443 362
9223372036854775444 361
9223372036854775445 360
9223372036854775446 359
9223372036854775447 358
9223372036854775448 357
9223372036854775449 356
9223372036854775450 355
9223372036854775451 354
9223372036854775452 353
9223372036854775453 352
9223372036854775454 351
9223372036854775455 350
9223372036854775456 349
9223372036854775457 348
9223372036854775458 347
9223372036854775459 346
9223372036854775460 345
9223372036854775461 344
9223372036854775462 343
9223372036854775463 342
9223372036854775464 341
9223372036854775465 340
9223372036854775466 339
9223372036854775467 338
9223372036854775468 337
9223372036854775469 336
9223372036854775470 335
9223372036854775471 334
9223372036854775472 333
9223372036854775473 332
9223372036854775474 331
9223372036854775475 330
9223372036854775476 329
9223372036854775477 328
9223372036854775478 327
9223372036854775479 326
9223372036854775480 325
9223372036854775481 324
9223372036854775482 323
9223372036854775483 322
9223372036854775484 321
9223372036854775485 320
9223372036854775486 319
9223372036854775487 318
9223372036854775488 317
9223372036854775489 316
9223372036854775490 315
9223372036854775491 314
9223372036854775492 313
9223372036854775493 312
9223372036854775494 311
9223372036854775495 310
9223372036854775496 309
9223372036854775497 308
9223372036854775498 307
9223372036854775499 306
9223372036854775500 305
9223372036854775501 304
9223372036854775502 303
9223372036854775503 302
9223372036854775504 301
9223372036854775505 300
9223372036854775506 299
9223372036854775507 298
9223372036854775508 297
9223372036854775509 296
9223372036854775510 295
9223372036854775511 294
9223372036854775512 293
9223372036854775513 292
9223372036854775514 291
9223372036854775515 290
9223372036854775516 289
9223372036854775517 288
9223372036854775518 287
9223372036854775519 286
9223372036854775520 285
9223372036854775521 284
9223372036854775522 283
9223372036854775523 282
9223372036854775524 281
9223372036854775525 280
9223372036854775526 279
9223372036854775527 278
9223372036854775528 277
9223372036854775529 276
9223372036854775530 275
9223372036854775531 274
9223372036854775532 273
9223372036854775533 272
9223372036854775534 271
9223372036854775535 270
9223372036854775536 269
9223372036854775537 268
9223372036854775538 267
9223372036854775539 266
9223372036854775540 265
9223372036854775541 264
9223372036854775542 263
9223372036854775543 262
9223372036854775544 261
9223372036854775545 260
9223372036854775546 259
9223372036854775547 258
9223372036854775548 257
9223372036854775549 256
9223372036854775550 255
9223372036854775551 254
9223372036854775552 253
9223372036854775553 252
9223372036854775554 251
9223372036854775555 250
9223372036854775556 249
9223372036854775557 248
9223372036854775558 247
9223372036854775559 246
9223372036854775560 245
9223372036854775561 244
9223372036854775562 243
9223372036854775563 242
9223372036854775564 241
9223372036854775565 240
9223372036854775566 239
9223372036854775567 238
9223372036854775568 237
9223372036854775569 236
9223372036854775570 235
9223372036854775571 234
9223372036854775572 233
9223372036854775573 232
9223372036854775574 231
9223372036854775575 230
9223372036854775576 229
9223372036854775577 228
9223372036854775578 227
9223372036854775579 226
9223372036854775580 225
9223372036854775581 224
9223372036854775582 223
9223372036854775583 222
9223372036854775584 221
9223372036854775585 220
9223372036854775586 219
9223372036854775587 218
9223372036854775588 217
9223372036854775589 216
9223372036854775590 215
9223372036854775591 214
9223372036854775592 213
9223372036854775593 212
9223372036854775594 211
9223372036854775595 210
9223372036854775596 209
9223372036854775597 208
9223372036854775598 207
9223372036854775599 206
9223372036854775600 205
9223372036854775601 204
9223372036854775602 203
9223372036854775603 202
9223372036854775604 201
9223372036854775605 200
9223372036854775606 199
9223372036854775607 198
9223372036854775608 197
9223372036854775609 196
9223372036854775610 195
9223372036854775611 194
9223372036854775612 193
9223372036854775613 192
9223372036854775614 191
9223372036854775615 190
9223372036854775616 189
9223372036854775617 188
9223372036854775618 187
9223372036854775619 186
9223372036854775620 185
9223372036854775621 184
9223372036854775622 183
9223372036854775623 182
9223372036854775624 181
9223372036854775625 180
9223372036854775626 179
9223372036854775627 178
9223372036854775628 177
9223372036854775629 176
9223372036854775630 175
9223372036854775631 174
9223372036854775632 173
9223372036854775633 172
9223372036854775634 171
9223372036854775635 170
9223372036854775636 169
9223372036854775637 168
9223372036854775638 167
9223372036854775639 166
9223372036854775640 165
9223372036854775641 164
9223372036854775642 163
9223372036854775643 162
9223372036854775644 161
9223372036854775645 160
9223372036854775646 159
9223372036854775647 158
9223372036854775648 157
9223372036854775649 156
9223372036854775650 155
9223372036854775651 154
9223372036854775652 153
9223372036854775653 152
9223372036854775654 151
9223372036854775655 150
9223372036854775656 149
9223372036854775657 148
9223372036854775658 147
9223372036854775659 146
9223372036854775660 145
9223372036854775661 144
9223372036854775662 143
9223372036854775663 142
9223372036854775664 141
9223372036854775665 140
9223372036854775666 139
9223372036854775667 138
9223372036854775668 137
9223372036854775669 136
9223372036854775670 135
9223372036854775671 134
9223372036854775672 133
9223372036854775673 132
9223372036854775674 131
9223372036854775675 130
9223372036854775676 129
9223372036854775677 128
9223372036854775678 127
9223372036854775679 126
9223372036854775680 125
9223372036854775681 124
9223372036854775682 123
9223372036854775683 122
9223372036854775684 121
9223372036854775685 120
9223372036854775686 119
9223372036854775687 118
9223372036854775688 117
9223372036854775689 116
9223372036854775690 115
9223372036854775691 114
9223372036854775692 113
9223372036854775693 112
9223372036854775694 111
9223372036854775695 110
9223372036854775696 109
9223372036854775697 108
9223372036854775698 107
9223372036854775699 106
9223372036854775700 105
9223372036854775701 104
9223372036854775702 103
9223372036854775703 102
9223372036854775704 101
9223372036854775705 100
9223372036854775706 99
9223372036854775707 98
9223372036854775708 97
9223372036854775709 96
9223372036854775710 95
9223372036854775711 94
9223372036854775712 93
9223372036854775713 92
9223372036854775714 91
9223372036854775715 90
9223372036854775716 89
9223372036854775717 88
9223372036854775718 87
9223372036854775719 86
9223372036854775720 85
9223372036854775721 84
9223372036854775722 83
9223372036854775723 82
9223372036854775724 81
9223372036854775725 80
9223372036854775726 79
9223372036854775727 78
9223372036854775728 77
9223372036854775729 76
9223372036854775730 75
9223372036854775731 74
9223372036854775732 73
9223372036854775733 72
9223372036854775734 71
9223372036854775735 70
9223372036854775736 69
9223372036854775737 68
9223372036854775738 67
9223372036854775739 66
9223372036854775740 65
9223372036854775741 64
9223372036854775742 63
9223372036854775743 62
9223372036854775744 61
9223372036854775745 60
9223372036854775746 59
9223372036854775747 58
9223372036854775748 57
9223372036854775749 56
9223372036854775750 55
9223372036854775751 54
9223372036854775752 53
9223372036854775753 52
9223372036854775754 51
9223372036854775755 50
9223372036854775756 49
9223372036854775757 48
9223372036854775758 47
9223372036854775759 46
9223372036854775760 45
9223372036854775761 44
9223372036854775762 43
9223372036854775763 42
9223372036854775764 41
9223372036854775765 40
9223372036854775766 39
9223372036854775767 38
9223372036854775768 37
9223372036854775769 36
9223372036854775770 35
9223372036854775771 34
9223372036854775772 33
9223372036854775773 32
9223372036854775774 31
9223372036854775775 30
9223372036854775776 29
9223372036854775777 28
9223372036854775778 27
9223372036854775779 26
9223372036854775780 25
9223372036854775781 24
9223372036854775782 23
9223372036854775783 22
9223372036854775784 21
9223372036854775785 20
9223372036854775786 19
9223372036854775787 18
9223372036854775788 17
9223372036854775789 16
9223372036854775790 15
9223372036854775791 14
9223372036854775792 13
9223372036854775793 12
9223372036854775794 11
9223372036854775795 10
9223372036854775796 9
9223372036854775797 8
9223372036854775798 7
9223372036854775799 6
9223372036854775800 5
9223372036854775801 4
9223372036854775802 3
9223372036854775803 2
9223372036854775804 0
