205
1 39525
28274 37023
41718 18489
48590 14758
49421 5430
49505 1540
49549 1189
49645 319
49762 309
49776 307
49801 208
49802 195
49803 193
49804 192
49807 191
49808 190
49809 189
49810 188
49811 187
49812 186
49813 185
49814 184
49815 183
49816 182
49817 181
49818 180
49819 179
49820 178
49821 177
49822 176
49823 175
49824 174
49825 173
49826 172
49827 171
49828 170
49829 169
49830 168
49831 167
49832 166
49833 165
49834 164
49835 163
49836 162
49837 161
49838 160
49839 159
49840 158
49841 157
49842 156
49843 155
49844 154
49845 153
49846 152
49847 151
49848 150
49849 149
49850 148
49851 147
49852 146
49853 145
49854 144
49855 143
49856 142
49857 141
49858 140
49859 139
49860 138
49861 137
49862 136
49863 135
49864 134
49865 133
49866 132
49867 131
49868 130
49869 129
49870 128
49871 127
49872 126
49873 125
49874 124
49875 123
49876 122
49877 121
49878 120
49879 119
49880 118
49881 117
49882 116
49883 115
49884 114
49885 113
49886 112
49887 111
49888 110
49889 109
49890 108
49891 107
49892 106
49893 105
49894 104
49895 103
49896 102
49897 101
49898 100
49899 99
49900 98
49901 97
49902 96
49903 95
49904 94
49905 93
49906 92
49907 91
49908 90
49909 89
49910 88
49911 87
49912 86
49913 85
49914 84
49915 83
49916 82
49917 81
49918 80
49919 79
49920 78
49921 77
49922 76
49923 75
49924 74
49925 73
49926 72
49927 71
49928 70
49929 69
49930 68
49931 67
49932 66
49933 65
49934 64
49935 63
49936 62
49937 61
49938 60
49939 59
49940 58
49941 57
49942 56
49943 55
49944 54
49945 53
49946 52
49947 51
49948 50
49949 49
49950 48
49951 47
49952 46
49953 45
49954 44
49955 43
49956 42
49957 41
49958 40
49959 39
49960 38
49961 37
49962 36
49963 35
49964 34
49965 33
49966 32
49967 31
49968 30
49969 29
49970 28
49971 27
49972 26
49973 25
49974 24
49975 23
49976 22
49977 21
49978 20
49979 19
49980 18
49981 17
49982 16
49983 15
49984 14
49985 13
49986 12
49987 11
49988 10
49989 9
49990 8
49991 7
49992 6
49993 5
49994 4
49995 3
49996 2
49997 0
