6000
1 599980
4 599970
5 599951
8 599936
11 599919
12 599907
13 599896
16 599879
17 599869
18 599859
19 599839
20 599824
21 599806
24 599791
27 599781
29 599767
32 599754
33 599742
34 599728
36 599714
39 599695
41 599679
43 599666
44 599647
46 599633
49 599620
50 599603
53 599587
55 599573
58 599558
61 599546
64 599531
67 599512
69 599500
72 599485
73 599473
75 599459
77 599449
78 599435
81 599415
82 599395
83 599378
85 599361
88 599349
89 599339
92 599327
94 599313
97 599295
98 599277
100 599258
102 599246
105 599231
107 599219
109 599209
111 599194
114 599180
115 599161
116 599146
118 599135
121 599117
124 599103
125 599089
128 599079
131 599067
132 599053
135 599039
136 599027
138 599014
140 598995
143 598981
145 598969
148 598955
151 598944
152 598932
154 598916
157 598900
160 598880
163 598868
164 598848
167 598836
169 598822
172 598811
174 598795
177 598779
179 598764
182 598754
184 598744
186 598733
187 598713
188 598703
191 598685
193 598674
195 598658
198 598642
201 598623
202 598609
205 598593
208 598574
210 598557
212 598544
214 598527
215 598513
218 598501
219 598485
221 598473
222 598457
223 598443
224 598427
225 598413
227 598396
229 598385
232 598370
234 598357
236 598339
238 598321
240 598311
243 598295
246 598280
248 598262
249 598250
252 598240
253 598221
256 598210
257 598195
260 598175
263 598163
265 598148
266 598133
268 598116
269 598096
270 598076
271 598056
273 598044
274 598028
275 598017
277 598003
278 597991
280 597973
282 597955
285 597938
288 597920
289 597900
292 597890
294 597877
296 597861
297 597841
298 597822
301 597811
302 597793
304 597773
307 597757
310 597747
311 597732
314 597715
317 597699
320 597680
323 597665
326 597655
327 597638
330 597628
332 597611
335 597593
337 597581
339 597564
340 597552
343 597536
345 597524
346 597507
348 597493
349 597481
351 597469
352 597451
354 597434
357 597415
360 597397
363 597385
364 597375
367 597361
370 597348
371 597336
373 597325
375 597311
378 597295
381 597282
383 597264
384 597253
385 597242
387 597229
389 597209
391 597194
392 597175
393 597164
395 597154
397 597138
400 597124
402 597109
404 597093
405 597080
407 597069
408 597056
411 597040
414 597029
417 597018
419 597007
422 596993
425 596980
428 596960
429 596950
431 596937
432 596924
433 596911
435 596898
438 596881
439 596862
442 596845
444 596832
447 596820
449 596807
451 596788
452 596774
453 596757
455 596745
456 596734
459 596723
461 596709
464 596693
466 596679
468 596659
470 596642
473 596629
476 596609
477 596594
480 596575
482 596565
483 596548
486 596537
487 596521
490 596505
493 596486
496 596466
498 596449
501 596439
502 596427
503 596409
506 596390
509 596375
510 596364
511 596350
514 596332
516 596320
518 596304
521 596290
524 596277
527 596258
530 596243
531 596233
534 596222
536 596209
537 596197
540 596178
542 596160
545 596141
547 596122
549 596103
551 596087
554 596073
555 596058
557 596047
558 596034
560 596018
563 596002
564 595989
566 595970
569 595950
570 595935
571 595916
573 595905
576 595891
579 595875
581 595864
583 595850
584 595838
586 595819
587 595804
588 595784
591 595764
593 595752
595 595737
597 595726
598 595710
601 595697
603 595678
606 595664
609 595653
611 595638
612 595622
614 595602
615 595592
618 595582
619 595566
621 595550
622 595533
624 595521
625 595501
627 595486
629 595472
632 595459
633 595447
635 595432
636 595415
638 595404
641 595386
642 595376
644 595364
647 595351
650 595335
652 595315
653 595295
654 595284
655 595272
658 595258
660 595246
663 595226
666 595208
667 595192
670 595180
673 595167
676 595152
679 595136
682 595121
685 595103
686 595083
689 595070
690 595051
693 595033
695 595016
696 595004
697 594992
700 594980
701 594966
702 594947
704 594936
707 594922
710 594908
711 594893
712 594880
713 594864
716 594850
719 594837
721 594826
723 594814
725 594794
728 594778
730 594766
732 594751
734 594738
736 594723
738 594713
739 594699
742 594688
745 594669
747 594649
750 594630
751 594619
754 594607
756 594587
757 594572
758 594553
761 594539
763 594529
765 594511
768 594491
769 594471
770 594454
773 594441
775 594429
776 594418
777 594398
779 594379
781 594366
784 594355
787 594342
790 594327
791 594309
794 594294
796 594280
799 594268
800 594249
802 594239
805 594221
808 594210
811 594200
814 594183
817 594165
820 594155
823 594136
826 594116
829 594104
831 594088
833 594072
836 594056
838 594041
839 594031
842 594014
843 594003
845 593993
846 593983
848 593966
851 593947
852 593930
855 593917
857 593900
859 593886
860 593871
863 593861
866 593850
867 593837
868 593827
871 593810
872 593799
875 593784
877 593769
880 593752
881 593738
883 593720
886 593708
888 593697
891 593680
894 593663
895 593652
897 593639
900 593626
901 593616
904 593598
905 593585
906 593570
907 593552
909 593537
910 593523
913 593506
915 593490
916 593476
919 593466
922 593454
924 593435
926 593422
929 593411
932 593396
935 593379
938 593360
939 593341
941 593330
943 593316
946 593300
948 593285
949 593265
951 593250
952 593234
955 593223
957 593205
960 593194
963 593174
966 593155
967 593141
968 593122
971 593108
973 593098
974 593085
977 593070
980 593052
982 593036
984 593025
986 593012
989 592993
990 592982
993 592971
996 592958
997 592940
999 592920
1002 592904
1005 592893
1007 592880
1010 592869
1013 592857
1015 592845
1017 592835
1019 592825
1022 592815
1025 592795
1028 592777
1029 592759
1032 592739
1034 592719
1037 592706
1039 592694
1041 592674
1044 592655
1047 592643
1049 592630
1052 592616
1055 592602
1057 592589
1060 592579
1062 592569
1063 592554
1064 592534
1065 592518
1067 592502
1069 592483
1070 592469
1072 592459
1073 592445
1075 592426
1076 592410
1078 592397
1080 592380
1081 592366
1082 592353
1085 592336
1086 592323
1088 592303
1089 592289
1092 592274
1093 592262
1094 592250
1096 592239
1097 592224
1099 592210
1101 592196
1102 592184
1104 592166
1105 592148
1106 592132
1108 592116
1110 592103
1113 592086
1114 592070
1117 592058
1120 592044
1121 592028
1123 592012
1124 591996
1127 591984
1128 591971
1129 591952
1132 591934
1135 591917
1137 591899
1140 591886
1142 591876
1145 591861
1146 591850
1148 591832
1150 591821
1151 591804
1154 591785
1157 591771
1159 591760
1162 591747
1163 591731
1164 591714
1167 591702
1170 591686
1173 591676
1175 591658
1176 591646
1177 591627
1179 591614
1180 591597
1183 591587
1184 591574
1186 591563
1187 591544
1188 591532
1190 591513
1191 591494
1193 591475
1194 591457
1196 591438
1198 591423
1201 591405
1202 591395
1203 591383
1206 591363
1207 591345
1210 591325
1211 591309
1212 591299
1214 591288
1216 591275
1217 591260
1219 591244
1222 591231
1223 591221
1224 591206
1225 591186
1228 591166
1231 591154
1232 591138
1234 591122
1236 591106
1239 591086
1241 591066
1244 591049
1246 591034
1249 591015
1251 590997
1252 590984
1255 590964
1256 590948
1258 590929
1261 590916
1263 590905
1266 590895
1268 590882
1271 590865
1273 590855
1276 590844
1279 590825
1280 590808
1283 590791
1284 590774
1286 590757
1289 590741
1291 590729
1293 590716
1295 590698
1297 590685
1299 590668
1300 590654
1302 590641
1304 590629
1307 590609
1309 590596
1310 590580
1313 590565
1314 590555
1317 590535
1319 590518
1320 590500
1323 590486
1324 590468
1326 590449
1328 590430
1329 590411
1330 590398
1333 590382
1335 590364
1336 590354
1338 590343
1340 590332
1341 590320
1342 590301
1343 590286
1346 590266
1348 590249
1350 590237
1352 590226
1354 590206
1355 590195
1356 590182
1359 590172
1361 590154
1364 590144
1366 590126
1368 590116
1369 590105
1370 590089
1372 590076
1374 590061
1375 590044
1376 590024
1378 590004
1381 589988
1383 589968
1384 589951
1387 589933
1388 589917
1390 589897
1393 589880
1394 589869
1397 589856
1399 589840
1400 589827
1402 589817
1405 589805
1407 589785
1409 589769
1412 589759
1414 589746
1417 589729
1419 589716
1421 589699
1423 589688
1425 589674
1426 589659
1428 589639
1430 589624
1431 589608
1433 589596
1436 589579
1438 589568
1441 589555
1442 589535
1445 589515
1448 589502
1451 589482
1454 589462
1457 589446
1458 589428
1461 589408
1464 589396
1467 589376
1468 589360
1471 589348
1473 589338
1475 589322
1478 589302
1480 589286
1482 589270
1483 589260
1484 589244
1487 589224
1489 589209
1492 589198
1493 589181
1496 589171
1497 589155
1498 589141
1501 589121
1502 589102
1503 589089
1505 589069
1507 589054
1509 589034
1511 589017
1512 589004
1515 588989
1517 588978
1518 588966
1521 588955
1522 588937
1525 588927
1526 588911
1527 588893
1529 588883
1531 588871
1533 588855
1534 588836
1537 588819
1539 588803
1542 588793
1544 588783
1546 588773
1548 588762
1549 588747
1550 588733
1551 588723
1552 588710
1554 588698
1557 588678
1560 588660
1561 588644
1563 588627
1566 588614
1569 588595
1570 588581
1573 588567
1574 588556
1577 588538
1580 588528
1583 588510
1584 588497
1586 588482
1589 588469
1592 588459
1595 588446
1597 588426
1600 588407
1602 588394
1605 588377
1607 588364
1608 588347
1610 588330
1612 588318
1614 588299
1616 588284
1617 588265
1619 588252
1620 588239
1622 588227
1625 588216
1626 588206
1628 588188
1630 588170
1633 588154
1634 588135
1636 588125
1638 588113
1641 588101
1642 588089
1644 588076
1645 588064
1646 588047
1647 588036
1648 588021
1650 588010
1651 587998
1652 587980
1653 587966
1656 587956
1659 587941
1660 587928
1662 587910
1663 587890
1665 587875
1666 587864
1668 587854
1670 587840
1672 587824
1674 587812
1675 587799
1677 587788
1678 587772
1681 587758
1684 587739
1685 587723
1686 587712
1689 587700
1690 587690
1692 587671
1694 587659
1696 587641
1699 587622
1700 587604
1703 587585
1705 587567
1706 587551
1709 587539
1710 587528
1711 587517
1712 587498
1714 587488
1717 587477
1719 587464
1722 587445
1725 587433
1728 587422
1730 587411
1732 587395
1734 587379
1737 587367
1740 587347
1743 587334
1745 587321
1746 587309
1748 587290
1750 587272
1751 587259
1753 587242
1755 587222
1756 587206
1759 587186
1761 587176
1762 587161
1765 587144
1768 587133
1770 587116
1772 587102
1773 587086
1775 587075
1778 587060
1780 587040
1783 587024
1786 587014
1788 587002
1789 586982
1791 586967
1792 586947
1794 586928
1796 586915
1799 586897
1802 586880
1805 586869
1808 586855
1810 586837
1812 586818
1814 586805
1815 586785
1816 586769
1819 586753
1821 586738
1824 586718
1825 586706
1827 586686
1828 586672
1829 586652
1831 586636
1832 586621
1834 586608
1836 586595
1838 586581
1840 586562
1842 586547
1844 586532
1846 586519
1847 586501
1850 586484
1851 586471
1853 586453
1855 586438
1857 586423
1858 586410
1859 586398
1862 586378
1865 586359
1866 586340
1867 586329
1868 586317
1870 586301
1871 586281
1873 586269
1876 586254
1879 586237
1881 586217
1882 586207
1884 586190
1885 586180
1888 586169
1891 586157
1894 586145
1897 586133
1900 586116
1901 586099
1904 586089
1905 586074
1908 586060
1909 586043
1911 586028
1914 586018
1915 586006
1916 585996
1919 585983
1921 585971
1924 585958
1925 585944
1928 585934
1929 585915
1932 585895
1934 585875
1935 585864
1937 585845
1940 585831
1942 585819
1943 585806
1946 585788
1947 585778
1950 585762
1951 585746
1953 585735
1954 585715
1957 585705
1958 585695
1960 585684
1962 585670
1964 585654
1967 585640
1968 585629
1971 585609
1972 585597
1974 585585
1975 585571
1978 585559
1979 585540
1980 585521
1981 585506
1984 585493
1986 585478
1988 585461
1990 585447
1992 585428
1993 585410
1995 585396
1998 585386
2000 585371
2003 585356
2006 585338
2009 585323
2012 585307
2013 585291
2014 585273
2017 585256
2020 585243
2023 585224
2024 585208
2027 585196
2029 585176
2030 585158
2032 585145
2035 585128
2038 585114
2041 585102
2044 585083
2046 585067
2048 585051
2050 585031
2052 585011
2055 584997
2057 584985
2058 584969
2061 584958
2064 584940
2066 584920
2067 584903
2069 584890
2072 584874
2073 584859
2076 584849
2078 584830
2080 584811
2081 584800
2082 584787
2085 584768
2086 584749
2089 584732
2092 584718
2095 584704
2098 584690
2099 584679
2102 584667
2105 584649
2108 584638
2110 584623
2112 584604
2113 584593
2115 584573
2117 584555
2118 584538
2120 584522
2121 584510
2122 584496
2125 584478
2127 584460
2129 584443
2130 584429
2133 584411
2135 584393
2136 584377
2138 584358
2139 584348
2141 584337
2142 584326
2145 584316
2148 584299
2151 584285
2153 584269
2155 584253
2157 584233
2160 584213
2163 584202
2164 584192
2166 584175
2168 584164
2171 584154
2172 584144
2173 584133
2176 584114
2178 584099
2179 584086
2181 584076
2184 584060
2185 584046
2187 584030
2190 584018
2193 584006
2195 583993
2198 583975
2199 583959
2201 583948
2203 583934
2204 583915
2205 583901
2206 583888
2207 583871
2210 583852
2212 583833
2215 583814
2216 583799
2218 583779
2220 583761
2223 583743
2226 583731
2229 583716
2232 583699
2233 583684
2236 583668
2239 583654
2242 583634
2245 583624
2247 583605
2250 583587
2253 583577
2256 583561
2259 583541
2262 583531
2264 583518
2266 583507
2267 583490
2269 583472
2272 583455
2273 583443
2276 583425
2278 583406
2280 583387
2282 583376
2284 583357
2286 583342
2289 583324
2292 583309
2293 583295
2296 583277
2298 583266
2301 583256
2302 583241
2303 583228
2304 583211
2306 583192
2309 583178
2310 583160
2311 583145
2314 583135
2315 583123
2317 583107
2319 583097
2321 583087
2324 583075
2327 583061
2330 583042
2332 583022
2334 583004
2337 582993
2338 582981
2340 582970
2341 582953
2344 582937
2345 582922
2346 582905
2348 582885
2349 582874
2350 582862
2351 582843
2354 582825
2357 582805
2359 582794
2362 582783
2365 582770
2367 582754
2368 582744
2371 582729
2373 582716
2376 582706
2378 582689
2379 582672
2381 582655
2383 582637
2386 582623
2389 582607
2390 582589
2391 582574
2393 582557
2395 582544
2398 582530
2400 582511
2401 582495
2403 582478
2406 582466
2407 582451
2409 582431
2411 582412
2412 582392
2414 582379
2417 582363
2418 582352
2420 582334
2422 582324
2424 582308
2426 582297
2427 582286
2429 582274
2431 582254
2434 582235
2437 582224
2440 582211
2442 582201
2445 582191
2446 582175
2448 582160
2450 582149
2451 582135
2453 582118
2454 582101
2457 582083
2458 582073
2461 582055
2462 582038
2465 582021
2468 582011
2471 582001
2473 581984
2475 581966
2478 581950
2480 581937
2482 581924
2484 581912
2485 581897
2486 581883
2488 581869
2491 581850
2492 581835
2494 581822
2497 581807
2498 581789
2501 581775
2502 581755
2504 581742
2506 581724
2507 581712
2509 581695
2510 581675
2513 581658
2515 581639
2518 581622
2519 581605
2522 581592
2523 581577
2524 581563
2527 581553
2528 581535
2531 581521
2532 581507
2535 581490
2538 581480
2541 581465
2544 581453
2545 581441
2546 581424
2548 581405
2549 581391
2551 581372
2552 581353
2555 581334
2558 581314
2561 581297
2562 581278
2563 581263
2566 581250
2568 581230
2569 581216
2570 581199
2572 581189
2574 581173
2575 581153
2577 581135
2578 581120
2580 581103
2581 581089
2582 581074
2585 581054
2587 581042
2588 581029
2590 581009
2591 580997
2594 580984
2595 580964
2597 580954
2600 580943
2603 580932
2604 580914
2605 580896
2606 580883
2609 580873
2610 580854
2611 580841
2612 580829
2614 580818
2617 580798
2618 580787
2620 580774
2622 580759
2625 580741
2628 580728
2631 580714
2632 580704
2635 580690
2636 580677
2638 580665
2641 580654
2642 580639
2643 580628
2645 580614
2647 580595
2649 580582
2651 580567
2654 580557
2655 580539
2657 580521
2659 580508
2662 580493
2665 580480
2667 580467
2668 580456
2669 580446
2670 580427
2673 580414
2675 580400
2677 580385
2679 580375
2680 580360
2681 580346
2683 580335
2686 580317
2688 580304
2690 580289
2693 580279
2694 580265
2696 580249
2697 580236
2700 580219
2702 580206
2705 580196
2706 580176
2709 580161
2712 580147
2713 580136
2716 580118
2718 580108
2720 580090
2721 580074
2724 580060
2726 580045
2729 580032
2731 580020
2732 580005
2735 579986
2738 579968
2740 579948
2742 579929
2745 579911
2747 579899
2750 579885
2751 579874
2752 579864
2754 579846
2757 579831
2758 579817
2760 579806
2761 579793
2764 579773
2766 579761
2767 579743
2768 579729
2771 579714
2774 579700
2776 579683
2779 579663
2780 579644
2781 579627
2783 579609
2784 579589
2787 579571
2788 579559
2791 579545
2793 579525
2795 579506
2797 579486
2799 579472
2800 579455
2801 579439
2802 579420
2803 579402
2806 579392
2809 579372
2812 579361
2815 579342
2817 579328
2818 579317
2821 579302
2822 579292
2824 579273
2826 579258
2829 579248
2830 579238
2832 579227
2835 579213
2837 579199
2839 579189
2840 579174
2842 579156
2844 579139
2845 579120
2848 579105
2850 579092
2853 579072
2856 579055
2859 579041
2862 579028
2864 579009
2866 578995
2867 578976
2868 578958
2870 578939
2871 578927
2873 578915
2874 578898
2875 578880
2877 578869
2880 578858
2881 578847
2882 578831
2885 578821
2887 578806
2890 578793
2892 578775
2893 578765
2896 578754
2897 578742
2898 578723
2900 578707
2902 578694
2903 578678
2905 578668
2907 578650
2909 578631
2910 578620
2912 578608
2913 578596
2914 578579
2916 578564
2917 578548
2919 578530
2920 578516
2921 578504
2923 578486
2924 578476
2926 578459
2927 578448
2930 578435
2933 578418
2936 578402
2938 578382
2939 578362
2940 578348
2943 578332
2945 578316
2948 578299
2949 578279
2951 578267
2953 578250
2955 578240
2957 578221
2960 578208
2963 578196
2966 578181
2969 578171
2970 578153
2971 578137
2974 578123
2976 578108
2979 578093
2981 578081
2984 578066
2985 578051
2988 578031
2990 578017
2993 578002
2996 577990
2999 577976
3002 577957
3004 577942
3005 577923
3008 577904
3009 577885
3010 577866
3013 577849
3014 577830
3017 577815
3019 577805
3022 577792
3024 577779
3025 577759
3028 577744
3029 577730
3032 577710
3034 577691
3037 577671
3039 577653
3042 577641
3043 577627
3046 577617
3048 577607
3051 577592
3052 577572
3053 577558
3055 577546
3058 577531
3060 577521
3061 577504
3064 577488
3065 577468
3068 577448
3070 577428
3073 577415
3076 577398
3077 577386
3078 577372
3081 577357
3083 577341
3085 577325
3086 577308
3087 577294
3089 577282
3091 577266
3094 577254
3096 577242
3099 577231
3102 577216
3105 577196
3108 577178
3110 577168
3111 577152
3114 577135
3117 577119
3119 577102
3121 577086
3122 577073
3123 577062
3125 577051
3128 577031
3131 577019
3133 577002
3134 576992
3135 576977
3138 576959
3139 576949
3142 576929
3145 576909
3147 576896
3149 576877
3152 576864
3153 576845
3155 576825
3156 576806
3159 576789
3162 576769
3163 576749
3165 576729
3168 576710
3169 576696
3170 576680
3172 576664
3173 576644
3175 576634
3176 576622
3177 576611
3178 576595
3180 576585
3181 576572
3184 576558
3185 576539
3186 576519
3189 576500
3191 576481
3194 576466
3196 576452
3199 576437
3202 576423
3203 576412
3205 576396
3207 576379
3208 576360
3209 576344
3210 576332
3212 576312
3214 576294
3216 576283
3219 576268
3222 576258
3224 576247
3225 576232
3226 576222
3228 576210
3230 576200
3233 576185
3235 576172
3237 576153
3240 576135
3241 576118
3244 576103
3245 576093
3247 576074
3248 576055
3250 576043
3253 576025
3256 576011
3257 575993
3258 575983
3261 575964
3264 575948
3267 575932
3268 575919
3269 575908
3272 575896
3274 575877
3277 575867
3278 575853
3279 575837
3281 575825
3283 575806
3285 575791
3287 575776
3288 575761
3290 575744
3292 575733
3295 575713
3298 575703
3299 575687
3300 575671
3302 575655
3305 575641
3306 575626
3309 575612
3312 575601
3314 575585
3316 575575
3318 575560
3319 575549
3321 575537
3323 575517
3324 575506
3326 575490
3328 575470
3329 575460
3330 575444
3332 575428
3333 575411
3334 575394
3337 575382
3339 575370
3341 575360
3343 575342
3346 575325
3349 575307
3351 575290
3353 575275
3355 575258
3356 575248
3357 575229
3358 575209
3361 575192
3364 575173
3366 575154
3367 575143
3368 575126
3369 575109
3371 575090
3372 575071
3374 575053
3377 575036
3379 575024
3381 575010
3384 574995
3386 574980
3387 574967
3390 574947
3393 574934
3395 574924
3396 574913
3398 574893
3399 574879
3402 574867
3405 574857
3406 574839
3408 574826
3410 574814
3413 574794
3414 574777
3416 574764
3417 574746
3418 574729
3421 574713
3424 574696
3426 574681
3429 574666
3430 574650
3431 574633
3433 574616
3436 574597
3439 574583
3442 574570
3445 574552
3446 574541
3447 574531
3448 574513
3450 574493
3451 574476
3453 574456
3456 574436
3458 574419
3460 574405
3461 574390
3463 574377
3465 574360
3467 574346
3469 574326
3470 574312
3473 574302
3474 574285
3475 574272
3477 574260
3480 574245
3483 574228
3486 574210
3487 574200
3490 574184
3493 574174
3496 574155
3497 574137
3499 574118
3500 574108
3503 574097
3506 574081
3507 574068
3508 574048
3510 574032
3511 574014
3514 574001
3515 573981
3516 573965
3517 573954
3520 573940
3521 573923
3524 573910
3526 573895
3529 573883
3532 573869
3533 573855
3535 573840
3538 573823
3540 573808
3542 573796
3544 573784
3547 573766
3549 573756
3551 573741
3552 573724
3554 573705
3555 573691
3556 573676
3557 573664
3558 573645
3559 573634
3562 573620
3564 573601
3567 573583
3570 573564
3572 573544
3573 573526
3574 573509
3577 573496
3578 573485
3580 573471
3583 573454
3585 573440
3587 573427
3590 573417
3592 573400
3594 573387
3596 573373
3598 573362
3601 573350
3602 573339
3604 573327
3605 573317
3607 573305
3609 573292
3611 573276
3613 573264
3615 573252
3618 573236
3620 573223
3621 573213
3622 573193
3623 573182
3626 573172
3629 573152
3630 573139
3631 573128
3632 573118
3633 573102
3634 573086
3637 573073
3639 573058
3640 573048
3641 573028
3642 573010
3645 573000
3648 572985
3649 572975
3651 572965
3653 572948
3656 572934
3659 572922
3661 572903
3663 572886
3664 572874
3666 572856
3669 572838
3672 572818
3673 572805
3675 572788
3677 572769
3679 572749
3682 572734
3684 572716
3687 572701
3689 572689
3691 572672
3693 572653
3696 572636
3698 572622
3700 572603
3701 572584
3702 572574
3703 572558
3706 572545
3707 572525
3708 572508
3710 572488
3713 572471
3714 572458
3716 572438
3717 572422
3719 572412
3722 572395
3723 572381
3724 572369
3727 572351
3729 572340
3730 572330
3732 572310
3734 572295
3736 572280
3739 572264
3742 572249
3745 572233
3746 572219
3749 572199
3752 572180
3755 572170
3757 572158
3759 572148
3760 572133
3762 572121
3763 572106
3766 572087
3767 572076
3768 572064
3770 572048
3771 572037
3774 572022
3777 572012
3780 571995
3782 571976
3785 571964
3787 571950
3790 571935
3792 571922
3793 571908
3796 571890
3798 571876
3799 571858
3802 571840
3803 571828
3804 571810
3805 571793
3806 571774
3807 571764
3810 571747
3812 571735
3814 571716
3817 571705
3819 571693
3822 571679
3825 571668
3826 571657
3829 571647
3832 571634
3833 571614
3834 571595
3837 571582
3840 571571
3842 571558
3844 571538
3845 571523
3847 571507
3849 571490
3851 571470
3854 571456
3856 571436
3858 571416
3860 571398
3861 571381
3862 571364
3863 571350
3865 571338
3868 571322
3871 571309
3874 571289
3875 571274
3878 571259
3881 571242
3882 571231
3883 571212
3884 571201
3887 571190
3888 571172
3890 571160
3892 571144
3895 571131
3898 571115
3899 571095
3900 571084
3902 571064
3905 571053
3908 571041
3909 571031
3910 571018
3911 571003
3913 570988
3915 570975
3917 570955
3920 570943
3922 570923
3925 570908
3928 570890
3930 570876
3931 570860
3934 570845
3935 570831
3937 570812
3940 570798
3943 570781
3946 570771
3948 570751
3949 570732
3952 570719
3954 570704
3956 570692
3957 570672
3959 570660
3960 570645
3963 570626
3964 570612
3965 570594
3966 570578
3968 570567
3971 570549
3973 570531
3975 570514
3976 570499
3979 570481
3981 570465
3982 570446
3985 570434
3987 570415
3990 570400
3992 570383
3993 570369
3996 570350
3999 570330
4002 570319
4005 570306
4006 570287
4007 570276
4010 570264
4011 570245
4013 570225
4015 570207
4016 570189
4019 570171
4020 570153
4021 570137
4024 570121
4026 570105
4029 570091
4032 570075
4034 570064
4037 570050
4038 570033
4041 570013
4044 569997
4045 569987
4046 569972
4048 569954
4051 569938
4054 569918
4057 569902
4059 569883
4061 569871
4063 569852
4064 569833
4066 569823
4067 569813
4068 569802
4070 569783
4073 569767
4074 569747
4077 569728
4079 569717
4081 569707
4082 569695
4085 569684
4087 569672
4089 569655
4092 569639
4093 569626
4096 569609
4099 569589
4101 569576
4102 569556
4105 569543
4106 569525
4108 569515
4110 569496
4112 569484
4114 569471
4115 569455
4117 569436
4119 569426
4121 569413
4124 569397
4127 569387
4130 569368
4133 569356
4134 569338
4135 569326
4137 569312
4138 569300
4139 569289
4142 569269
4143 569254
4145 569244
4148 569234
4150 569218
4153 569199
4156 569185
4159 569169
4161 569154
4163 569143
4166 569127
4168 569108
4169 569091
4170 569078
4172 569066
4175 569046
4176 569030
4177 569018
4179 569002
4180 568985
4181 568971
4184 568952
4185 568937
4187 568926
4189 568914
4190 568903
4192 568891
4194 568880
4196 568864
4197 568849
4198 568831
4201 568813
4204 568794
4205 568779
4206 568764
4209 568749
4212 568736
4213 568719
4214 568709
4217 568691
4218 568672
4219 568659
4221 568640
4223 568623
4226 568613
4228 568603
4229 568583
4231 568573
4232 568558
4233 568542
4235 568523
4238 568508
4240 568492
4241 568473
4242 568461
4243 568444
4245 568424
4247 568409
4248 568390
4251 568379
4254 568359
4257 568342
4258 568325
4259 568312
4261 568292
4262 568279
4263 568269
4265 568254
4267 568238
4269 568225
4272 568215
4274 568202
4276 568182
4279 568165
4282 568152
4285 568138
4288 568120
4290 568102
4293 568088
4294 568074
4296 568054
4299 568042
4300 568022
4303 568006
4306 567986
4309 567968
4310 567952
4311 567933
4313 567917
4316 567900
4317 567886
4320 567872
4323 567860
4324 567849
4326 567834
4329 567821
4330 567809
4331 567799
4333 567784
4335 567770
4338 567751
4340 567731
4342 567718
4344 567708
4346 567697
4347 567682
4349 567670
4350 567650
4351 567637
4353 567621
4355 567602
4356 567589
4357 567571
4360 567561
4363 567546
4365 567528
4366 567516
4367 567497
4368 567482
4370 567472
4373 567453
4376 567440
4377 567423
4380 567403
4383 567390
4384 567378
4386 567360
4387 567348
4388 567332
4390 567318
4391 567306
4394 567289
4397 567271
4399 567260
4401 567244
4402 567228
4404 567216
4406 567197
4407 567178
4410 567159
4411 567143
4412 567126
4413 567113
4416 567101
4419 567086
4421 567066
4424 567055
4426 567035
4429 567018
4432 567001
4435 566989
4438 566976
4441 566957
4443 566945
4445 566932
4447 566919
4449 566900
4451 566881
4454 566865
4457 566847
4460 566835
4463 566823
4466 566813
4469 566803
4470 566787
4471 566775
4472 566763
4475 566743
4478 566730
4481 566713
4484 566694
4486 566683
4489 566667
4491 566657
4492 566645
4493 566631
4494 566617
4497 566604
4498 566591
4501 566571
4503 566554
4505 566539
4507 566528
4509 566509
4512 566495
4513 566485
4515 566475
4518 566455
4520 566443
4523 566431
4526 566412
4529 566399
4530 566380
4533 566366
4536 566356
4538 566341
4541 566331
4544 566319
4547 566305
4548 566295
4550 566280
4552 566262
4553 566250
4555 566238
4557 566222
4560 566212
4562 566200
4565 566187
4566 566176
4569 566157
4570 566145
4571 566130
4573 566119
4574 566104
4576 566091
4577 566078
4580 566058
4581 566045
4582 566034
4584 566023
4586 566011
4588 565993
4591 565981
4593 565965
4594 565951
4596 565931
4599 565919
4602 565908
4603 565891
4606 565878
4609 565860
4612 565845
4614 565832
4616 565822
4617 565812
4620 565794
4623 565783
4626 565770
4628 565756
4631 565743
4632 565732
4633 565713
4635 565694
4637 565676
4638 565657
4639 565641
4640 565625
4641 565608
4644 565592
4646 565574
4648 565560
4649 565543
4650 565526
4652 565514
4653 565500
4656 565485
4657 565475
4660 565460
4662 565446
4663 565436
4665 565422
4668 565408
4671 565388
4673 565372
4676 565357
4679 565345
4682 565326
4683 565311
4685 565294
4687 565279
4690 565268
4691 565251
4692 565233
4694 565220
4695 565201
4696 565185
4697 565170
4698 565155
4699 565142
4701 565122
4703 565102
4705 565092
4708 565076
4709 565059
4711 565047
4714 565028
4717 565014
4720 564999
4723 564984
4724 564965
4727 564953
4728 564943
4731 564927
4733 564908
4736 564891
4738 564871
4740 564859
4743 564841
4745 564825
4748 564809
4750 564797
4751 564780
4752 564762
4755 564742
4758 564723
4759 564711
4762 564691
4763 564680
4765 564660
4767 564647
4768 564636
4770 564617
4771 564598
4773 564578
4774 564568
4777 564557
4780 564541
4783 564528
4785 564518
4786 564505
4787 564495
4790 564485
4791 564466
4794 564456
4795 564443
4797 564426
4798 564413
4800 564401
4801 564388
4802 564370
4803 564352
4805 564339
4807 564325
4808 564309
4810 564298
4813 564278
4816 564261
4818 564241
4820 564222
4823 564203
4826 564190
4829 564174
4830 564157
4833 564144
4835 564128
4838 564113
4840 564102
4841 564089
4842 564072
4844 564058
4847 564045
4849 564034
4850 564018
4852 564000
4855 563982
4857 563972
4860 563954
4862 563944
4864 563925
4865 563911
4866 563896
4869 563886
4871 563873
4873 563860
4875 563850
4877 563835
4879 563821
4880 563810
4883 563794
4885 563778
4886 563764
4889 563753
4891 563736
4894 563726
4897 563714
4898 563694
4900 563674
4902 563663
4903 563653
4904 563634
4907 563623
4908 563609
4911 563597
4912 563585
4914 563575
4915 563555
4916 563542
4919 563522
4921 563502
4922 563485
4924 563472
4925 563454
4927 563436
4930 563425
4932 563407
4933 563387
4935 563374
4938 563363
4941 563349
4942 563335
4943 563321
4945 563303
4947 563289
4948 563273
4950 563255
4952 563236
4954 563226
4957 563209
4958 563192
4961 563182
4963 563172
4964 563155
4967 563145
4968 563125
4969 563113
4970 563100
4971 563086
4972 563068
4974 563054
4975 563038
4976 563021
4978 563002
4980 562990
4981 562978
4982 562962
4983 562943
4986 562926
4987 562915
4990 562904
4993 562887
4996 562872
4999 562854
5001 562839
5004 562826
5005 562810
5007 562794
5008 562777
5010 562758
5012 562742
5013 562729
5016 562712
5019 562701
5021 562682
5022 562666
5025 562652
5027 562635
5029 562620
5032 562609
5034 562593
5036 562574
5037 562554
5040 562540
5041 562522
5042 562506
5043 562495
5044 562482
5046 562464
5049 562453
5050 562438
5052 562424
5055 562411
5058 562391
5059 562379
5062 562362
5064 562348
5067 562331
5068 562312
5070 562295
5072 562280
5075 562264
5077 562250
5080 562239
5082 562228
5085 562212
5086 562198
5089 562187
5092 562172
5095 562153
5096 562143
5099 562130
5102 562113
5104 562100
5105 562085
5107 562070
5109 562059
5111 562043
5114 562031
5115 562013
5118 561997
5120 561983
5122 561965
5125 561949
5127 561932
5128 561919
5130 561908
5133 561895
5136 561881
5138 561867
5140 561852
5142 561840
5145 561820
5148 561806
5151 561791
5152 561781
5155 561764
5156 561744
5158 561726
5159 561716
5160 561703
5162 561693
5164 561675
5166 561664
5168 561652
5169 561634
5172 561618
5174 561599
5177 561583
5180 561564
5181 561548
5183 561537
5184 561518
5187 561505
5189 561493
5192 561477
5193 561461
5195 561450
5198 561435
5201 561424
5202 561414
5204 561399
5205 561380
5207 561368
5208 561354
5211 561334
5214 561318
5217 561305
5220 561290
5223 561272
5224 561258
5225 561240
5227 561228
5229 561218
5230 561202
5231 561191
5234 561177
5235 561158
5238 561147
5239 561134
5241 561118
5243 561107
5246 561089
5247 561078
5249 561062
5252 561043
5253 561033
5254 561014
5255 561001
5257 560983
5259 560964
5261 560944
5263 560929
5265 560911
5266 560898
5269 560880
5271 560869
5273 560854
5276 560834
5277 560821
5280 560807
5282 560791
5284 560780
5287 560768
5290 560750
5293 560730
5295 560720
5298 560703
5299 560689
5302 560675
5304 560664
5306 560653
5309 560642
5312 560624
5314 560612
5316 560601
5318 560582
5320 560572
5323 560555
5325 560545
5328 560532
5330 560514
5333 560503
5334 560486
5335 560469
5338 560455
5341 560439
5344 560425
5347 560405
5349 560395
5352 560378
5353 560366
5354 560351
5355 560331
5357 560312
5358 560297
5360 560282
5361 560271
5364 560253
5367 560243
5370 560229
5372 560214
5373 560201
5375 560188
5377 560172
5380 560155
5382 560140
5383 560120
5386 560107
5389 560087
5390 560074
5392 560060
5393 560048
5395 560035
5398 560025
5399 560012
5402 559994
5403 559981
5406 559966
5409 559950
5410 559932
5411 559918
5414 559903
5417 559884
5419 559869
5421 559859
5422 559843
5423 559827
5424 559814
5426 559795
5428 559777
5431 559757
5432 559739
5434 559724
5436 559709
5439 559690
5441 559677
5442 559662
5444 559649
5446 559630
5448 559613
5449 559603
5452 559585
5454 559571
5456 559554
5457 559544
5458 559532
5461 559516
5462 559500
5463 559482
5465 559465
5466 559449
5468 559431
5471 559411
5472 559397
5475 559380
5477 559360
5478 559345
5479 559325
5481 559306
5484 559292
5486 559274
5487 559257
5488 559247
5491 559230
5493 559219
5494 559200
5495 559180
5497 559170
5498 559159
5500 559140
5502 559127
5504 559108
5505 559094
5508 559082
5510 559070
5513 559054
5516 559044
5518 559030
5519 559012
5522 558994
5525 558984
5528 558968
5530 558958
5533 558939
5536 558921
5539 558909
5542 558891
5545 558875
5546 558864
5547 558853
5549 558836
5552 558819
5553 558808
5554 558797
5555 558787
5556 558776
5558 558757
5559 558737
5560 558722
5561 558702
5564 558684
5567 558664
5569 558647
5570 558634
5572 558623
5574 558611
5577 558600
5578 558586
5580 558571
5583 558557
5585 558546
5587 558529
5589 558513
5591 558501
5594 558488
5595 558469
5598 558454
5601 558439
5602 558422
5603 558410
5606 558396
5609 558379
5610 558362
5613 558349
5614 558337
5617 558321
5620 558304
5621 558291
5623 558271
5626 558256
5627 558244
5628 558226
5630 558215
5633 558203
5634 558187
5637 558171
5639 558159
5640 558139
5643 558127
5645 558111
5646 558098
5649 558088
5650 558075
5653 558060
5654 558050
5657 558033
5659 558015
5660 557996
5662 557985
5664 557973
5666 557953
5668 557934
5670 557919
5673 557905
5675 557885
5676 557870
5678 557860
5681 557842
5684 557825
5685 557812
5688 557798
5689 557781
5692 557771
5695 557751
5698 557738
5700 557725
5702 557707
5704 557691
5705 557681
5706 557663
5707 557652
5708 557640
5710 557620
5712 557602
5715 557588
5718 557575
5719 557565
5722 557547
5723 557531
5725 557512
5728 557495
5731 557481
5733 557461
5734 557448
5735 557430
5738 557415
5739 557396
5741 557381
5742 557363
5744 557348
5746 557335
5749 557318
5751 557305
5753 557288
5755 557278
5757 557258
5758 557241
5761 557221
5762 557206
5764 557196
5767 557181
5770 557171
5773 557154
5775 557142
5777 557129
5780 557115
5783 557098
5786 557082
5787 557066
5790 557055
5791 557036
5792 557020
5793 557006
5796 556989
5799 556969
5802 556958
5805 556942
5806 556928
5807 556913
5810 556900
5812 556887
5813 556874
5814 556858
5816 556844
5819 556827
5821 556809
5824 556798
5825 556780
5826 556762
5827 556748
5828 556732
5830 556713
5832 556697
5833 556686
5834 556666
5837 556654
5839 556640
5841 556621
5842 556611
5843 556599
5845 556584
5846 556572
5848 556553
5850 556533
5852 556515
5853 556501
5856 556487
5857 556468
5860 556457
5861 556438
5863 556421
5865 556411
5866 556399
5867 556387
5869 556368
5872 556355
5875 556338
5876 556327
5878 556313
5881 556302
5884 556282
5885 556266
5887 556248
5890 556236
5892 556217
5893 556207
5894 556195
5895 556175
5898 556156
5900 556140
5903 556123
5905 556108
5907 556089
5909 556075
5911 556062
5914 556052
5917 556036
5920 556026
5921 556010
5924 555990
5927 555972
5929 555962
5931 555952
5934 555941
5937 555931
5940 555911
5943 555893
5945 555874
5946 555863
5949 555846
5951 555832
5953 555813
5955 555802
5958 555792
5959 555782
5960 555767
5961 555748
5964 555728
5967 555713
5968 555693
5971 555676
5972 555664
5975 555647
5976 555634
5979 555624
5982 555608
5985 555597
5988 555578
5989 555564
5991 555552
5992 555533
5993 555522
5994 555507
5995 555491
5998 555477
6000 555464
6002 555449
6005 555432
6008 555417
6009 555405
6012 555391
6013 555376
6015 555357
6018 555345
6020 555333
6022 555319
6024 555304
6025 555293
6028 555281
6030 555270
6031 555250
6032 555235
6033 555215
6034 555196
6037 555178
6039 555168
6040 555153
6041 555133
6043 555117
6045 555106
6048 555092
6049 555078
6052 555062
6055 555043
6056 555024
6058 555006
6060 554992
6061 554974
6063 554954
6064 554935
6067 554915
6070 554897
6073 554877
6075 554857
6076 554847
6079 554832
6082 554815
6084 554795
6085 554779
6088 554763
6089 554743
6090 554728
6091 554712
6093 554696
6096 554678
6097 554665
6098 554651
6099 554640
6100 554629
6102 554617
6105 554598
6107 554582
6108 554563
6109 554548
6111 554532
6112 554518
6115 554505
6118 554489
6120 554475
6121 554458
6123 554442
6124 554424
6126 554411
6127 554401
6130 554382
6133 554363
6136 554344
6137 554327
6140 554314
6143 554294
6146 554282
6147 554271
6149 554259
6151 554243
6152 554229
6154 554217
6156 554201
6159 554183
6161 554165
6163 554145
6164 554132
6167 554117
6168 554097
6171 554086
6172 554074
6174 554055
6175 554038
6176 554022
6178 554002
6179 553992
6180 553974
6183 553964
6185 553945
6186 553925
6189 553908
6192 553897
6193 553885
6196 553871
6199 553856
6200 553842
6203 553832
6206 553819
6209 553803
6212 553792
6214 553779
6216 553763
6217 553744
6220 553732
6222 553719
6223 553709
6226 553689
6227 553673
6230 553662
6232 553643
6233 553630
6235 553617
6238 553598
6240 553581
6242 553562
6243 553551
6244 553532
6247 553517
6249 553502
6250 553487
6253 553471
6255 553458
6257 553447
6258 553427
6261 553416
6264 553397
6266 553387
6268 553367
6271 553349
6272 553337
6275 553321
6277 553310
6278 553299
6279 553281
6282 553263
6284 553245
6286 553229
6288 553215
6290 553205
6291 553187
6294 553168
6295 553156
6296 553142
6297 553123
6300 553111
6303 553093
6305 553082
6306 553072
6308 553058
6309 553041
6310 553024
6312 553007
6315 552990
6318 552977
6319 552963
6321 552943
6324 552931
6326 552917
6329 552904
6332 552890
6333 552879
6335 552860
6337 552846
6340 552833
6341 552817
6342 552802
6345 552789
6347 552778
6350 552762
6351 552751
6352 552734
6353 552715
6354 552705
6357 552689
6359 552677
6360 552662
6363 552646
6366 552628
6368 552612
6370 552596
6371 552580
6373 552567
6375 552551
6377 552534
6378 552523
6381 552509
6383 552498
6384 552486
6387 552475
6389 552462
6391 552448
6393 552429
6394 552411
6395 552394
6398 552381
6400 552365
6402 552347
6405 552335
6407 552319
6410 552302
6413 552286
6414 552275
6415 552255
6416 552237
6418 552224
6419 552213
6421 552199
6422 552182
6425 552166
6428 552148
6429 552136
6431 552120
6432 552104
6434 552090
6435 552073
6436 552055
6439 552035
6442 552018
6445 552004
6447 551991
6448 551977
6451 551957
6453 551944
6455 551929
6456 551911
6458 551896
6460 551877
6462 551862
6463 551842
6466 551822
6468 551806
6470 551788
6473 551776
6474 551764
6477 551753
6480 551738
6481 551721
6483 551706
6484 551695
6486 551678
6487 551665
6488 551646
6489 551627
6490 551614
6491 551598
6494 551578
6497 551567
6499 551548
6501 551534
6502 551518
6504 551500
6507 551484
6510 551472
6512 551454
6513 551444
6515 551430
6517 551417
6520 551401
6522 551384
6524 551367
6526 551356
6529 551345
6530 551331
6532 551316
6535 551296
6536 551285
6537 551272
6540 551257
6543 551241
6544 551225
6545 551215
6547 551204
6548 551191
6549 551181
6550 551168
6551 551153
6553 551140
6554 551128
6557 551108
6559 551089
6562 551069
6564 551054
6566 551039
6569 551020
6571 551007
6573 550993
6576 550979
6577 550962
6580 550952
6583 550932
6585 550913
6588 550903
6590 550893
6593 550882
6595 550870
6598 550855
6599 550844
6600 550829
6602 550809
6605 550794
6607 550777
6608 550760
6610 550746
6612 550736
6614 550726
6615 550706
6618 550694
6619 550675
6621 550657
6622 550645
6625 550633
6626 550616
6628 550606
6631 550594
6633 550576
6634 550563
6637 550549
6640 550530
6642 550516
6645 550497
6646 550478
6648 550461
6651 550443
6652 550429
6653 550411
6656 550400
6658 550385
6660 550371
6661 550360
6662 550347
6663 550337
6665 550318
6666 550298
6668 550279
6670 550266
6672 550251
6673 550241
6676 550227
6678 550213
6680 550195
6681 550182
6684 550162
6686 550145
6689 550135
6692 550116
6693 550098
6694 550083
6697 550068
6698 550053
6700 550034
6701 550024
6703 550007
6704 549996
6706 549983
6707 549970
6709 549958
6711 549946
6712 549936
6713 549917
6715 549897
6716 549879
6717 549865
6720 549847
6721 549836
6722 549825
6723 549807
6724 549794
6726 549783
6728 549766
6729 549751
6731 549731
6734 549711
6735 549701
6736 549689
6738 549679
6740 549661
6741 549643
6743 549627
6746 549615
6747 549595
6748 549581
6750 549561
6751 549551
6752 549535
6754 549516
6757 549501
6758 549484
6760 549471
6763 549456
6766 549439
6767 549428
6769 549415
6771 549399
6773 549389
6775 549379
6778 549365
6781 549345
6783 549334
6786 549319
6788 549301
6791 549282
6793 549269
6795 549259
6797 549239
6799 549222
6801 549204
6804 549187
6805 549169
6806 549153
6809 549137
6812 549125
6813 549106
6815 549087
6818 549076
6821 549056
6822 549039
6825 549020
6828 549009
6829 548992
6832 548978
6834 548963
6836 548952
6838 548939
6840 548925
6842 548908
6844 548898
6846 548878
6847 548862
6850 548846
6852 548835
6854 548822
6856 548810
6857 548791
6860 548776
6861 548765
6864 548748
6867 548729
6868 548711
6870 548695
6873 548681
6875 548670
6877 548658
6879 548638
6882 548624
6884 548607
6885 548587
6888 548574
6890 548563
6892 548544
6893 548534
6895 548518
6897 548503
6899 548483
6901 548469
6902 548456
6903 548436
6905 548423
6907 548403
6909 548387
6910 548376
6913 548362
6916 548348
6919 548336
6921 548326
6922 548308
6923 548291
6926 548271
6927 548257
6930 548239
6931 548225
6932 548207
6933 548196
6935 548179
6936 548165
6938 548153
6941 548143
6944 548126
6946 548110
6948 548098
6949 548082
6950 548062
6953 548047
6955 548030
6958 548020
6960 548005
6962 547986
6965 547972
6966 547956
6969 547943
6972 547933
6975 547916
6976 547901
6977 547890
6979 547874
6982 547863
6984 547847
6985 547827
6988 547813
6989 547795
6990 547783
6992 547770
6995 547757
6998 547737
6999 547726
7000 547708
7002 547691
7005 547671
7008 547653
7009 547639
7010 547629
7013 547615
7014 547604
7017 547588
7019 547576
7020 547560
7022 547545
7025 547531
7028 547511
7031 547494
7032 547475
7033 547463
7034 547446
7035 547436
7038 547417
7041 547404
7042 547386
7044 547375
7047 547359
7049 547346
7051 547334
7054 547319
7057 547302
7060 547284
7062 547264
7064 547250
7065 547234
7068 547222
7071 547212
7072 547199
7074 547182
7077 547167
7080 547154
7082 547137
7084 547126
7086 547106
7089 547096
7091 547085
7092 547072
7095 547054
7096 547037
7097 547025
7100 547009
7102 546989
7105 546978
7106 546959
7109 546940
7111 546922
7112 546906
7115 546895
7117 546876
7118 546856
7119 546842
7120 546832
7122 546818
7124 546802
7127 546789
7128 546773
7129 546754
7131 546734
7134 546718
7137 546700
7140 546686
7143 546666
7146 546654
7147 546639
7149 546626
7151 546612
7153 546592
7156 546579
7159 546561
7161 546542
7164 546524
7165 546512
7167 546492
7169 546478
7170 546459
7172 546442
7175 546427
7176 546413
7178 546401
7179 546387
7180 546372
7181 546362
7184 546344
7187 546324
7188 546312
7189 546295
7191 546276
7194 546263
7197 546250
7199 546233
7202 546216
7203 546202
7206 546190
7208 546170
7209 546153
7212 546137
7214 546125
7217 546107
7218 546094
7220 546080
7221 546065
7222 546046
7225 546029
7228 546012
7230 545998
7231 545979
7233 545959
7236 545944
7238 545929
7239 545909
7240 545899
7242 545886
7243 545875
7245 545861
7247 545849
7250 545838
7253 545818
7254 545806
7255 545795
7257 545782
7258 545769
7259 545759
7262 545746
7265 545736
7267 545723
7270 545704
7272 545692
7273 545673
7275 545662
7278 545645
7280 545635
7281 545618
7283 545606
7286 545596
7289 545582
7290 545564
7292 545553
7293 545543
7296 545529
7299 545512
7300 545500
7301 545490
7302 545475
7305 545460
7306 545442
7308 545424
7311 545411
7313 545398
7315 545388
7317 545370
7318 545357
7320 545347
7323 545327
7326 545310
7329 545296
7330 545284
7332 545274
7334 545264
7336 545248
7339 545234
7340 545224
7341 545209
7343 545193
7344 545177
7346 545162
7347 545150
7349 545134
7352 545121
7353 545101
7354 545084
7356 545070
7359 545058
7362 545039
7365 545020
7368 545002
7369 544992
7370 544981
7372 544970
7374 544952
7377 544937
7380 544918
7381 544900
7382 544881
7385 544870
7388 544851
7391 544834
7393 544818
7395 544802
7397 544791
7399 544777
7402 544766
7403 544746
7406 544732
7409 544722
7410 544712
7412 544701
7413 544690
7415 544670
7417 544658
7419 544648
7421 544631
7424 544618
7427 544600
7428 544580
7431 544562
7434 544542
7436 544524
7438 544510
7440 544494
7443 544484
7444 544466
7447 544454
7448 544436
7450 544421
7452 544407
7453 544393
7454 544381
7457 544363
7460 544344
7461 544333
7462 544321
7463 544307
7464 544289
7466 544274
7469 544254
7471 544239
7472 544229
7473 544219
7476 544204
7478 544187
7479 544171
7480 544160
7481 544146
7484 544132
7486 544113
7488 544098
7491 544078
7493 544060
7495 544049
7496 544036
7497 544024
7499 544006
7500 543991
7503 543973
7506 543963
7507 543947
7508 543937
7510 543918
7511 543905
7512 543887
7514 543872
7517 543854
7518 543841
7521 543828
7522 543813
7524 543798
7527 543780
7528 543764
7531 543751
7534 543731
7537 543716
7540 543699
7543 543688
7544 543677
7546 543664
7548 543649
7551 543638
7553 543618
7554 543608
7557 543591
7558 543581
7559 543569
7562 543551
7563 543539
7564 543520
7567 543510
7568 543497
7569 543485
7570 543473
7571 543455
7573 543435
7576 543418
7577 543404
7579 543394
7582 543380
7585 543361
7588 543343
7589 543330
7590 543313
7591 543301
7593 543289
7594 543269
7597 543250
7598 543237
7600 543218
7602 543207
7604 543197
7605 543182
7608 543172
7611 543152
7612 543138
7615 543124
7617 543105
7620 543087
7623 543070
7624 543052
7625 543033
7627 543017
7630 543004
7633 542986
7635 542971
7636 542956
7638 542940
7640 542921
7642 542902
7645 542891
7648 542877
7651 542866
7652 542854
7654 542838
7656 542827
7659 542810
7660 542798
7661 542779
7662 542766
7665 542752
7667 542740
7669 542723
7672 542713
7675 542700
7676 542685
7679 542672
7682 542656
7684 542639
7685 542628
7686 542616
7687 542597
7689 542587
7692 542573
7695 542557
7698 542538
7701 542523
7703 542513
7705 542493
7707 542474
7708 542460
7710 542447
7713 542434
7715 542424
7717 542413
7719 542397
7720 542381
7722 542362
7723 542345
7724 542333
7725 542313
7726 542300
7729 542286
7730 542272
7733 542253
7736 542240
7738 542230
7740 542212
7741 542192
7742 542182
7743 542168
7744 542155
7745 542141
7748 542125
7749 542105
7752 542095
7753 542080
7755 542067
7758 542052
7759 542036
7761 542018
7764 542006
7767 541995
7768 541983
7770 541966
7771 541950
7772 541934
7774 541924
7775 541909
7776 541895
7778 541876
7779 541862
7780 541847
7782 541837
7784 541818
7787 541806
7788 541788
7789 541777
7792 541765
7793 541753
7795 541742
7797 541731
7798 541711
7801 541694
7804 541680
7807 541661
7809 541651
7812 541633
7814 541616
7816 541600
7818 541580
7821 541569
7822 541556
7823 541543
7825 541524
7828 541512
7829 541499
7832 541489
7833 541476
7834 541457
7835 541446
7837 541431
7840 541421
7841 541404
7842 541388
7845 541368
7848 541349
7850 541336
7852 541318
7854 541305
7855 541292
7858 541280
7859 541268
7860 541249
7861 541235
7864 541224
7865 541213
7868 541194
7871 541183
7872 541170
7874 541152
7875 541133
7876 541114
7878 541095
7880 541078
7882 541063
7885 541050
7888 541031
7891 541017
7893 541007
7894 540988
7896 540970
7897 540956
7899 540936
7902 540916
7904 540902
7907 540890
7909 540879
7911 540865
7912 540845
7914 540831
7915 540814
7916 540795
7918 540777
7920 540767
7921 540756
7924 540741
7925 540730
7927 540717
7929 540704
7931 540685
7932 540665
7935 540654
7938 540639
7941 540628
7942 540608
7945 540597
7946 540583
7947 540570
7949 540557
7951 540539
7954 540522
7957 540506
7960 540494
7961 540480
7964 540461
7965 540445
7966 540428
7968 540413
7970 540400
7972 540386
7973 540367
7975 540353
7977 540343
7978 540324
7980 540308
7982 540291
7983 540279
7985 540260
7988 540248
7990 540237
7992 540219
7994 540201
7995 540181
7997 540165
7998 540145
8000 540125
8002 540115
8005 540105
8008 540088
8009 540076
8012 540064
8014 540044
8017 540033
8018 540018
8021 539999
8024 539988
8027 539976
8030 539959
8033 539939
8034 539919
8036 539906
8039 539890
8041 539872
8043 539860
8046 539847
8049 539835
8052 539824
8055 539811
8058 539800
8059 539788
8062 539770
8063 539752
8064 539734
8066 539722
8067 539709
8068 539694
8069 539674
8072 539663
8073 539652
8076 539636
8079 539617
8081 539598
8082 539579
8084 539564
8086 539549
8089 539531
8091 539517
8094 539507
8097 539495
8098 539476
8099 539459
8102 539443
8103 539433
8104 539420
8107 539403
8109 539393
8111 539381
8113 539369
8116 539352
8119 539333
8122 539317
8123 539300
8125 539286
8127 539273
8128 539260
8131 539248
8132 539237
8134 539218
8135 539204
8136 539193
8138 539174
8141 539155
8142 539143
8143 539132
8144 539119
8145 539104
8146 539092
8149 539080
8150 539060
8153 539049
8156 539036
8158 539019
8161 539008
8163 538995
8164 538976
8165 538965
8167 538952
8169 538940
8172 538923
8173 538907
8176 538895
8179 538881
8182 538868
8184 538855
8185 538841
8186 538824
8189 538807
8192 538794
8195 538783
8197 538768
8198 538750
8201 538737
8203 538722
8206 538707
8207 538697
8210 538687
8213 538670
8216 538658
8217 538639
8219 538619
8220 538600
8222 538587
8223 538570
8224 538556
8226 538543
8229 538529
8230 538513
8233 538497
8236 538486
8237 538472
8239 538462
8242 538442
8244 538423
8245 538413
8248 538398
8249 538383
8250 538365
8252 538348
8254 538328
8255 538314
8257 538298
8259 538280
8262 538261
8265 538241
8268 538229
8271 538216
8274 538200
8275 538190
8276 538178
8279 538167
8281 538156
8283 538143
8285 538133
8287 538115
8288 538099
8291 538086
8294 538074
8295 538061
8297 538047
8300 538034
8303 538023
8306 538008
8309 537996
8311 537981
8312 537969
8315 537956
8316 537937
8319 537923
8320 537910
8321 537900
8323 537884
8326 537870
8328 537855
8329 537835
8331 537815
8334 537802
8337 537782
8338 537762
8340 537752
8343 537733
8346 537713
8348 537696
8350 537676
8352 537665
8354 537648
8355 537636
8356 537624
8357 537604
8359 537589
8362 537576
8364 537556
8366 537545
8367 537528
8369 537511
8371 537494
8373 537481
8375 537464
8377 537446
8378 537426
8380 537409
8381 537390
8384 537380
8386 537369
8387 537356
8388 537344
8390 537329
8393 537314
8396 537298
8399 537283
8400 537272
8401 537257
8404 537242
8406 537230
8409 537219
8412 537204
8413 537192
8415 537175
8416 537164
8418 537154
8421 537135
8424 537119
8427 537102
8430 537091
8432 537073
8434 537058
8436 537039
8438 537023
8441 537012
8442 536993
8444 536981
8447 536968
8448 536951
8451 536940
8454 536923
8456 536908
8458 536891
8460 536874
8463 536862
8464 536849
8465 536836
8466 536824
8469 536811
8472 536795
8474 536778
8476 536760
8478 536741
8481 536724
8482 536704
8483 536692
8484 536673
8487 536653
8488 536640
8490 536623
8493 536611
8495 536597
8496 536587
8499 536570
8500 536560
8503 536545
8504 536533
8507 536518
8508 536498
8510 536485
8513 536471
8514 536459
8517 536447
8519 536430
8520 536418
8523 536408
8525 536390
8526 536378
8529 536365
8532 536352
8535 536337
8536 536323
8537 536305
8540 536290
8542 536270
8545 536252
8548 536241
8549 536223
8550 536212
8552 536196
8555 536183
8558 536165
8560 536149
8561 536138
8564 536121
8565 536103
8566 536093
8567 536081
8569 536069
8572 536053
8574 536040
8577 536024
8580 536006
8582 535989
8585 535979
8587 535966
8589 535951
8592 535935
8594 535922
8596 535907
8599 535892
8602 535877
8603 535858
8604 535839
8606 535821
8607 535802
8610 535784
8613 535774
8614 535754
8616 535742
8617 535730
8618 535717
8621 535707
8624 535689
8626 535672
8627 535662
8629 535652
8632 535635
8634 535621
8635 535607
8636 535591
8637 535581
8639 535567
8641 535553
8643 535541
8644 535526
8647 535510
8648 535500
8650 535482
8651 535466
8652 535454
8653 535443
8656 535431
8659 535421
8660 535409
8662 535391
8663 535378
8666 535368
8669 535354
8671 535337
8673 535317
8674 535300
8676 535280
8677 535268
8678 535257
8680 535241
8682 535226
8685 535215
8686 535200
8689 535190
8691 535175
8692 535157
8693 535144
8696 535130
8697 535119
8700 535108
8702 535098
8704 535081
8707 535061
8708 535043
8710 535030
8713 535018
8715 535007
8716 534992
8717 534981
8720 534966
8722 534953
8724 534940
8726 534930
8728 534917
8729 534897
8732 534878
8735 534866
8736 534853
8737 534838
8738 534824
8740 534809
8742 534797
8744 534786
8745 534776
8748 534766
8750 534755
8752 534743
8755 534728
8757 534710
8760 534694
8761 534683
8763 534665
8766 534648
8769 534628
8772 534608
8774 534596
8777 534581
8778 534571
8779 534555
8782 534537
8784 534521
8785 534505
8788 534490
8791 534475
8792 534456
8793 534440
8796 534428
8799 534410
8800 534397
8803 534384
8804 534367
8805 534348
8806 534332
8809 534321
8810 534301
8811 534285
8812 534265
8814 534248
8817 534235
8819 534218
8822 534206
8825 534191
8826 534178
8829 534159
8830 534145
8833 534132
8836 534118
8837 534108
8838 534092
8840 534082
8841 534065
8842 534053
8843 534037
8846 534023
8847 534003
8848 533986
8849 533970
8850 533959
8853 533943
8856 533924
8857 533912
8859 533893
8862 533877
8865 533857
8867 533839
8869 533822
8871 533811
8873 533799
8875 533780
8877 533763
8880 533746
8882 533733
8884 533717
8887 533702
8888 533685
8890 533667
8891 533655
8893 533640
8894 533630
8896 533614
8899 533596
8901 533584
8904 533569
8907 533552
8908 533540
8910 533525
8913 533505
8915 533486
8917 533468
8919 533451
8922 533441
8924 533426
8925 533416
8926 533405
8929 533389
8932 533372
8935 533354
8936 533344
8937 533328
8938 533311
8939 533296
8940 533283
8943 533263
8946 533250
8949 533237
8952 533219
8953 533209
8956 533193
8958 533173
8961 533161
8964 533148
8967 533130
8969 533117
8970 533098
8973 533087
8976 533071
8977 533054
8980 533039
8983 533025
8986 533011
8987 532999
8990 532980
8991 532968
8992 532949
8995 532935
8997 532919
8999 532908
9000 532897
9001 532877
9002 532862
9003 532846
9005 532834
9007 532820
9008 532803
9009 532789
9010 532769
9011 532751
9013 532741
9016 532722
9019 532707
9021 532690
9022 532677
9025 532666
9028 532646
9031 532630
9032 532613
9033 532603
9034 532584
9035 532570
9037 532556
9038 532536
9041 532520
9042 532507
9043 532490
9045 532471
9047 532460
9049 532440
9051 532422
9052 532404
9055 532390
9056 532378
9059 532363
9061 532344
9062 532326
9065 532313
9067 532293
9069 532273
9072 532259
9074 532244
9076 532234
9078 532222
9080 532204
9081 532189
9084 532179
9086 532161
9089 532146
9092 532131
9094 532111
9095 532091
9096 532080
9098 532061
9099 532051
9102 532040
9105 532023
9106 532007
9107 531991
9108 531979
9109 531962
9112 531943
9114 531929
9116 531915
9117 531897
9120 531883
9122 531867
9123 531850
9126 531839
9129 531821
9131 531808
9133 531789
9134 531771
9135 531758
9136 531739
9138 531719
9139 531707
9140 531693
9142 531682
9145 531666
9146 531651
9147 531634
9149 531619
9152 531609
9153 531597
9154 531577
9156 531557
9157 531546
9158 531527
9159 531512
9162 531500
9164 531485
9165 531468
9167 531457
9169 531443
9170 531432
9172 531416
9174 531406
9176 531393
9178 531374
9180 531364
9181 531352
9183 531334
9184 531322
9186 531306
9189 531294
9190 531277
9192 531262
9193 531242
9195 531229
9196 531215
9197 531203
9199 531190
9200 531180
9201 531167
9202 531150
9203 531139
9205 531122
9207 531104
9208 531085
9209 531073
9210 531063
9212 531047
9213 531031
9214 531017
9216 531006
9219 530991
9221 530972
9222 530955
9223 530941
9225 530930
9226 530919
9227 530902
9230 530892
9231 530876
9232 530858
9235 530839
9238 530821
9241 530807
9244 530792
9247 530781
9248 530765
9251 530745
9253 530731
9256 530717
9258 530697
9260 530684
9261 530668
9263 530648
9265 530630
9267 530616
9268 530598
9269 530579
9270 530564
9273 530548
9276 530534
9277 530520
9280 530500
9281 530489
9284 530474
9286 530464
9288 530447
9289 530427
9291 530417
9294 530406
9296 530396
9299 530386
9301 530369
9303 530357
9306 530337
9308 530318
9311 530301
9313 530281
9316 530263
9317 530243
9318 530232
9319 530214
9321 530200
9324 530184
9326 530167
9328 530157
9331 530145
9333 530135
9335 530116
9338 530099
9340 530079
9342 530069
9343 530050
9346 530037
9347 530020
9350 530005
9353 529985
9355 529966
9357 529955
9358 529940
9361 529926
9364 529907
9366 529892
9368 529879
9369 529867
9372 529849
9375 529838
9377 529821
9380 529801
9381 529783
9384 529767
9386 529747
9387 529733
9390 529719
9392 529700
9393 529686
9395 529673
9398 529656
9401 529639
9402 529621
9404 529610
9406 529591
9407 529577
9409 529562
9411 529547
9413 529535
9416 529519
9417 529500
9418 529484
9421 529474
9423 529462
9426 529447
9429 529429
9431 529413
9433 529402
9436 529386
9438 529370
9440 529350
9442 529330
9445 529319
9447 529307
9449 529291
9451 529274
9453 529259
9454 529247
9455 529236
9456 529221
9457 529201
9460 529185
9462 529166
9465 529154
9468 529136
9471 529125
9474 529110
9475 529091
9476 529077
9478 529060
9479 529050
9480 529037
9481 529019
9484 529009
9486 528994
9487 528977
9489 528964
9492 528952
9493 528941
9496 528925
9499 528907
9500 528891
9503 528880
9504 528862
9505 528849
9507 528832
9508 528821
9509 528802
9512 528792
9515 528777
9518 528767
9521 528752
9523 528732
9526 528722
9527 528706
9529 528692
9530 528679
9531 528665
9533 528654
9536 528637
9538 528618
9539 528605
9541 528590
9542 528573
9543 528557
9545 528547
9547 528536
9548 528518
9549 528505
9551 528493
9554 528480
9557 528468
9558 528452
9561 528437
9562 528420
9565 528400
9566 528383
9568 528369
9570 528359
9573 528347
9576 528328
9579 528312
9582 528302
9583 528292
9585 528273
9588 528260
9589 528240
9592 528227
9593 528216
9595 528202
9597 528183
9600 528173
9603 528157
9604 528142
9605 528124
9607 528112
9608 528102
9611 528082
9612 528071
9614 528055
9617 528037
9618 528026
9621 528006
9622 527986
9624 527968
9625 527951
9627 527940
9629 527921
9630 527906
9632 527890
9635 527879
9637 527859
9639 527839
9642 527826
9643 527813
9646 527800
9649 527783
9650 527766
9651 527752
9654 527741
9657 527730
9658 527711
9661 527694
9663 527676
9664 527656
9665 527636
9666 527623
9667 527608
9670 527595
9671 527582
9674 527570
9676 527555
9677 527541
9679 527523
9681 527512
9684 527492
9685 527477
9686 527467
9687 527449
9688 527429
9690 527414
9691 527394
9692 527380
9694 527370
9695 527356
9696 527345
9699 527331
9701 527320
9703 527300
9706 527286
9709 527274
9710 527255
9712 527240
9713 527221
9716 527204
9718 527187
9720 527168
9721 527148
9723 527129
9724 527116
9725 527105
9728 527094
9730 527075
9733 527058
9736 527043
9737 527030
9738 527016
9740 526998
9742 526978
9743 526963
9746 526951
9748 526937
9750 526919
9753 526906
9755 526896
9758 526877
9761 526859
9762 526841
9763 526828
9765 526809
9768 526799
9771 526787
9774 526773
9775 526757
9777 526739
9778 526728
9780 526717
9781 526701
9784 526685
9786 526665
9787 526652
9790 526636
9791 526616
9792 526605
9793 526594
9795 526582
9797 526567
9800 526557
9802 526547
9805 526537
9807 526522
9809 526510
9810 526495
9811 526481
9814 526466
9816 526453
9817 526436
9819 526426
9820 526412
9821 526395
9822 526375
9823 526363
9824 526351
9826 526333
9829 526320
9832 526310
9835 526291
9838 526273
9839 526257
9840 526247
9843 526236
9844 526221
9847 526204
9848 526190
9849 526174
9852 526163
9854 526145
9856 526128
9858 526111
9861 526096
9863 526083
9866 526073
9867 526059
9870 526043
9871 526030
9872 526018
9875 525998
9877 525984
9879 525974
9880 525963
9882 525944
9884 525927
9887 525916
9890 525896
9891 525882
9893 525871
9895 525853
9898 525837
9900 525823
9901 525811
9904 525799
9907 525782
9909 525771
9910 525757
9912 525745
9913 525734
9914 525721
9917 525701
9919 525685
9921 525674
9924 525657
9926 525641
9928 525627
9929 525613
9930 525595
9933 525584
9934 525571
9935 525560
9937 525542
9938 525532
9940 525522
9942 525507
9945 525491
9948 525478
9951 525460
9953 525445
9956 525431
9957 525418
9958 525405
9960 525391
9961 525374
9964 525354
9967 525338
9969 525323
9970 525303
9971 525284
9974 525268
9977 525250
9979 525231
9981 525219
9984 525205
9985 525189
9988 525172
9991 525155
9994 525144
9997 525132
9999 525116
10002 525097
10004 525082
10007 525062
10010 525046
10011 525029
10013 525011
10016 524999
10017 524987
10020 524971
10021 524954
10024 524943
10026 524929
10027 524910
10028 524898
10030 524887
10032 524874
10033 524861
10035 524846
10038 524834
10040 524820
10042 524806
10045 524796
10046 524784
10048 524766
10050 524755
10052 524743
10053 524727
10056 524713
10058 524693
10060 524674
10061 524663
10063 524653
10065 524642
10068 524626
10071 524607
10073 524588
10076 524571
10079 524560
10082 524547
10084 524531
10086 524515
10088 524501
10090 524489
10092 524473
10093 524456
10095 524446
10098 524433
10099 524418
10100 524405
10103 524385
10106 524368
10108 524348
10110 524332
10111 524318
10112 524298
10115 524286
10117 524273
10118 524263
10119 524252
10120 524235
10121 524224
10123 524207
10125 524189
10126 524178
10129 524166
10132 524155
10134 524144
10135 524129
10138 524115
10140 524097
10143 524085
10146 524075
10148 524059
10150 524049
10151 524039
10152 524022
10153 524009
10155 523990
10158 523970
10159 523960
10160 523941
10163 523930
10164 523913
10167 523895
10169 523876
10170 523863
10173 523847
10174 523837
10175 523823
10176 523812
10177 523799
10178 523784
10181 523770
10183 523757
10185 523742
10187 523729
10190 523714
10193 523698
10194 523682
10196 523667
10197 523657
10198 523638
10200 523621
10202 523609
10204 523593
10205 523579
10208 523562
10209 523551
10212 523540
10215 523530
10218 523520
10219 523507
10222 523488
10224 523477
10225 523466
10226 523454
10228 523436
10229 523418
10231 523399
10234 523381
10236 523368
10239 523348
10241 523335
10242 523324
10245 523305
10248 523292
10250 523281
10252 523265
10255 523254
10258 523235
10260 523225
10261 523209
10263 523198
10265 523184
10268 523172
10270 523156
10273 523144
10276 523128
10277 523114
10280 523095
10281 523076
10283 523058
10285 523046
10288 523033
10291 523017
10294 522998
10296 522981
10299 522967
10302 522951
10304 522931
10307 522916
10308 522900
10309 522885
10311 522868
10314 522858
10316 522847
10319 522837
10322 522825
10325 522809
10327 522793
10329 522782
10332 522770
10335 522752
10337 522742
10338 522729
10341 522710
10344 522696
10347 522683
10349 522667
10352 522655
10354 522639
10355 522626
10356 522609
10358 522599
10359 522585
10361 522573
10362 522561
10365 522551
10366 522535
10368 522524
10369 522505
10372 522490
10374 522480
10377 522468
10378 522449
10381 522434
10383 522416
10384 522400
10385 522384
10386 522367
10388 522349
10390 522331
10393 522316
10394 522296
10396 522276
10397 522261
10400 522247
10403 522231
10404 522219
10405 522202
10406 522188
10408 522178
10411 522168
10414 522152
10415 522134
10418 522122
10419 522110
10421 522095
10424 522077
10427 522060
10428 522049
10429 522032
10430 522016
10431 521997
10432 521982
10435 521968
10437 521956
10438 521943
10440 521929
10441 521915
10444 521902
10445 521889
10447 521870
10449 521858
10452 521844
10454 521827
10455 521817
10456 521807
10458 521790
10461 521770
10463 521757
10464 521742
10467 521726
10470 521706
10472 521692
10475 521673
10477 521656
10478 521639
10481 521627
10482 521614
10485 521594
10487 521577
10488 521567
10490 521554
10491 521537
10494 521520
10497 521506
10499 521490
10500 521476
10503 521459
10505 521447
10506 521434
10508 521420
10511 521407
10512 521393
10514 521383
10517 521363
10518 521353
10520 521342
10523 521326
10526 521306
10527 521295
10529 521277
10532 521257
10535 521240
10538 521226
10539 521211
10542 521197
10544 521179
10546 521168
10547 521149
10549 521132
10550 521113
10553 521100
10555 521081
10558 521066
10561 521050
10563 521037
10566 521023
10568 521013
10569 521001
10570 520986
10572 520972
10575 520957
10576 520943
10577 520923
10580 520903
10581 520884
10582 520872
10583 520858
10584 520843
10586 520829
10588 520813
10589 520799
10591 520785
10594 520766
10596 520750
10597 520736
10600 520723
10602 520709
10603 520692
10606 520676
10607 520657
10608 520647
10609 520629
10612 520610
10614 520597
10617 520578
10618 520561
10619 520541
10620 520521
10623 520506
10626 520494
10628 520478
10629 520466
10631 520450
10633 520435
10635 520425
10637 520413
10639 520394
10642 520383
10643 520372
10644 520360
10645 520350
10647 520331
10650 520314
10652 520299
10655 520285
10656 520267
10658 520252
10660 520233
10662 520217
10665 520206
10668 520195
10671 520184
10672 520170
10675 520160
10676 520148
10679 520129
10681 520115
10683 520104
10686 520086
10689 520070
10691 520059
10694 520044
10696 520033
10697 520020
10698 520009
10701 519989
10704 519977
10707 519959
10708 519946
10709 519927
10711 519917
10713 519902
10715 519882
10716 519868
10717 519857
10720 519839
10721 519826
10723 519816
10725 519798
10727 519785
10729 519769
10730 519749
10733 519739
10734 519721
10736 519706
10739 519696
10742 519677
10744 519665
10745 519650
10747 519638
10748 519621
10750 519606
10752 519596
10755 519578
10758 519563
10759 519543
10760 519531
10762 519514
10763 519496
10764 519483
10767 519473
10768 519463
10770 519453
10773 519439
10774 519421
10775 519402
10778 519390
10779 519379
10780 519365
10782 519352
10785 519337
10786 519319
10788 519309
10791 519289
10794 519274
10796 519259
10797 519249
10799 519229
10800 519209
10802 519192
10803 519179
10804 519165
10807 519149
10809 519129
10810 519116
10813 519101
10815 519091
10818 519074
10820 519063
10821 519044
10823 519026
10825 519016
10827 518996
10829 518977
10832 518966
10835 518955
10838 518942
10840 518924
10843 518906
10846 518894
10849 518882
10851 518872
10853 518854
10856 518841
10859 518822
10861 518808
10864 518789
10865 518777
10867 518764
10869 518752
10870 518737
10873 518722
10876 518708
10879 518691
10882 518673
10884 518658
10887 518641
10888 518627
10889 518610
10890 518596
10893 518582
10896 518565
10897 518549
10898 518535
10901 518518
10903 518501
10905 518482
10908 518472
10911 518454
10912 518437
10914 518420
10916 518405
10919 518392
10921 518374
10923 518359
10925 518342
10927 518331
10930 518312
10932 518292
10935 518280
10937 518260
10938 518243
10941 518225
10943 518208
10944 518188
10945 518171
10948 518159
10950 518141
10953 518131
10956 518118
10958 518104
10959 518088
10962 518073
10965 518054
10966 518034
10969 518023
10970 518005
10972 517993
10975 517983
10976 517966
10978 517955
10980 517937
10983 517919
10984 517909
10985 517889
10987 517877
10989 517861
10990 517841
10993 517826
10996 517809
10998 517796
11000 517783
11003 517773
11006 517758
11009 517739
11011 517721
11013 517701
11016 517690
11019 517671
11022 517654
11024 517644
11027 517632
11030 517615
11033 517600
11035 517580
11037 517560
11038 517550
11039 517530
11042 517510
11044 517490
11045 517475
11048 517462
11051 517450
11053 517439
11054 517426
11055 517414
11056 517404
11059 517390
11061 517373
11062 517362
11064 517342
11065 517330
11068 517312
11071 517302
11073 517289
11074 517271
11075 517254
11077 517234
11080 517224
11082 517212
11084 517194
11085 517183
11088 517168
11090 517154
11092 517143
11095 517124
11097 517107
11098 517087
11099 517074
11100 517059
11103 517045
11105 517035
11107 517024
11108 517012
11110 516996
11112 516980
11114 516964
11115 516945
11116 516935
11117 516915
11118 516899
11120 516884
11122 516865
11125 516845
11128 516829
11131 516817
11132 516805
11135 516791
11138 516781
11141 516764
11143 516750
11144 516739
11146 516723
11147 516706
11148 516691
11149 516677
11150 516663
11153 516651
11156 516633
11159 516615
11160 516596
11161 516583
11162 516571
11164 516553
11165 516543
11167 516528
11169 516511
11170 516501
11171 516488
11174 516478
11175 516461
11176 516445
11177 516430
11178 516410
11181 516394
11182 516379
11185 516364
11187 516353
11188 516340
11189 516326
11191 516308
11192 516296
11194 516283
11195 516269
11197 516259
11198 516245
11199 516225
11200 516208
11203 516193
11204 516177
11206 516158
11209 516146
11211 516128
11213 516118
11214 516104
11216 516092
11217 516078
11220 516067
11223 516053
11226 516037
11229 516025
11230 516012
11231 515997
11234 515978
11236 515965
11239 515951
11240 515940
11243 515923
11244 515906
11245 515896
11248 515878
11250 515858
11253 515846
11255 515835
11256 515816
11259 515796
11260 515779
11263 515759
11264 515746
11267 515731
11269 515719
11272 515707
11273 515694
11276 515680
11278 515669
11280 515659
11282 515643
11285 515623
11286 515607
11288 515588
11289 515577
11291 515558
11293 515540
11294 515523
11295 515507
11296 515489
11299 515474
11300 515464
11301 515447
11302 515429
11303 515417
11305 515397
11306 515387
11307 515374
11308 515359
11310 515349
11312 515334
11313 515318
11315 515308
11318 515292
11320 515278
11323 515263
11324 515245
11326 515234
11328 515219
11329 515208
11331 515191
11334 515172
11336 515157
11338 515142
11339 515129
11341 515110
11344 515091
11345 515077
11346 515059
11347 515042
11350 515026
11351 515010
11354 514992
11356 514977
11359 514964
11361 514945
11362 514929
11365 514911
11368 514891
11369 514877
11372 514863
11374 514847
11376 514835
11377 514815
11378 514805
11380 514793
11383 514782
11384 514772
11386 514759
11387 514748
11389 514737
11390 514717
11391 514700
11392 514685
11394 514674
11395 514663
11397 514649
11398 514630
11399 514614
11401 514600
11402 514588
11403 514571
11406 514557
11408 514544
11411 514527
11414 514508
11417 514489
11418 514469
11420 514455
11422 514441
11424 514428
11427 514409
11429 514392
11432 514380
11434 514369
11436 514350
11438 514334
11440 514323
11441 514311
11442 514297
11445 514287
11447 514276
11450 514260
11452 514242
11455 514229
11456 514210
11459 514191
11462 514175
11464 514157
11465 514140
11466 514128
11467 514115
11470 514098
11472 514085
11475 514073
11477 514055
11480 514036
11482 514026
11485 514016
11486 514005
11488 513987
11489 513969
11492 513956
11494 513940
11497 513927
11498 513907
11499 513893
11501 513879
11503 513866
11506 513849
11509 513834
11511 513821
11513 513808
11514 513791
11517 513772
11518 513755
11519 513739
11521 513729
11522 513710
11524 513700
11527 513689
11529 513671
11531 513652
11534 513633
11535 513616
11538 513598
11540 513584
11543 513569
11544 513552
11547 513535
11548 513519
11551 513500
11554 513489
11556 513476
11557 513459
11558 513446
11560 513433
11561 513415
11564 513398
11565 513380
11567 513361
11569 513343
11572 513328
11574 513309
11576 513295
11579 513283
11580 513269
11583 513250
11586 513234
11587 513218
11590 513203
11592 513191
11593 513180
11594 513164
11597 513144
11599 513126
11600 513109
11601 513093
11602 513083
11603 513073
11605 513056
11608 513038
11611 513021
11612 513008
11613 512994
11614 512978
11616 512963
11618 512950
11621 512930
11623 512914
11624 512902
11625 512883
11628 512869
11630 512854
11633 512835
11634 512819
11636 512806
11638 512786
11639 512767
11640 512756
11643 512743
11646 512727
11649 512713
11650 512699
11651 512679
11654 512659
11656 512639
11658 512621
11660 512601
11663 512588
11665 512569
11668 512549
11671 512532
11674 512517
11677 512501
11678 512486
11679 512468
11681 512451
11684 512434
11687 512423
11689 512413
11692 512396
11694 512376
11696 512357
11697 512346
11699 512327
11701 512310
11704 512299
11706 512287
11708 512277
11709 512257
11711 512245
11713 512233
11715 512218
11716 512201
11717 512186
11720 512169
11721 512150
11722 512133
11723 512123
11726 512109
11727 512095
11730 512085
11731 512074
11732 512056
11735 512041
11737 512031
11738 512019
11741 512007
11743 511989
11744 511969
11746 511951
11747 511934
11748 511916
11749 511900
11751 511886
11754 511871
11757 511854
11760 511844
11761 511833
11764 511819
11766 511802
11768 511792
11769 511777
11772 511758
11775 511742
11776 511729
11779 511709
11780 511699
11782 511682
11785 511667
11788 511650
11790 511640
11792 511625
11793 511611
11794 511600
11797 511580
11800 511566
11801 511553
11802 511542
11803 511528
11806 511511
11809 511499
11811 511485
11813 511466
11815 511448
11818 511433
11820 511418
11822 511408
11823 511396
11824 511382
11827 511371
11830 511355
11832 511340
11833 511324
11835 511313
11838 511298
11839 511280
11840 511263
11843 511250
11845 511236
11848 511225
11851 511208
11852 511189
11853 511171
11856 511153
11858 511142
11859 511126
11860 511114
11861 511103
11864 511088
11866 511075
11868 511063
11870 511045
11873 511026
11874 511009
11876 510997
11879 510986
11882 510974
11883 510964
11884 510952
11885 510936
11886 510920
11888 510908
11889 510897
11892 510886
11894 510873
11895 510859
11898 510845
11899 510829
11900 510814
11901 510795
11904 510775
11906 510755
11908 510741
11911 510725
11914 510715
11916 510704
11918 510694
11921 510680
11922 510660
11925 510640
11927 510628
11930 510617
11933 510603
11934 510590
11936 510574
11939 510554
11940 510540
11943 510521
11944 510508
11947 510491
11948 510477
11951 510467
11952 510448
11955 510431
11957 510416
11958 510403
11961 510386
11963 510375
11965 510364
11968 510346
11969 510332
11970 510319
11973 510305
11974 510287
11975 0
