6000
1 5999
3 5998
5 5997
7 5996
9 5995
11 5994
13 5993
15 5992
17 5991
19 5990
21 5989
23 5988
25 5987
27 5986
29 5985
31 5984
33 5983
35 5982
37 5981
39 5980
41 5979
43 5978
45 5977
47 5976
49 5975
51 5974
53 5973
55 5972
57 5971
59 5970
61 5969
63 5968
65 5967
67 5966
69 5965
71 5964
73 5963
75 5962
77 5961
79 5960
81 5959
83 5958
85 5957
87 5956
89 5955
91 5954
93 5953
95 5952
97 5951
99 5950
101 5949
103 5948
105 5947
107 5946
109 5945
111 5944
113 5943
115 5942
117 5941
119 5940
121 5939
123 5938
125 5937
127 5936
129 5935
131 5934
133 5933
135 5932
137 5931
139 5930
141 5929
143 5928
145 5927
147 5926
149 5925
151 5924
153 5923
155 5922
157 5921
159 5920
161 5919
163 5918
165 5917
167 5916
169 5915
171 5914
173 5913
175 5912
177 5911
179 5910
181 5909
183 5908
185 5907
187 5906
189 5905
191 5904
193 5903
195 5902
197 5901
199 5900
201 5899
203 5898
205 5897
207 5896
209 5895
211 5894
213 5893
215 5892
217 5891
219 5890
221 5889
223 5888
225 5887
227 5886
229 5885
231 5884
233 5883
235 5882
237 5881
239 5880
241 5879
243 5878
245 5877
247 5876
249 5875
251 5874
253 5873
255 5872
257 5871
259 5870
261 5869
263 5868
265 5867
267 5866
269 5865
271 5864
273 5863
275 5862
277 5861
279 5860
281 5859
283 5858
285 5857
287 5856
289 5855
291 5854
293 5853
295 5852
297 5851
299 5850
301 5849
303 5848
305 5847
307 5846
309 5845
311 5844
313 5843
315 5842
317 5841
319 5840
321 5839
323 5838
325 5837
327 5836
329 5835
331 5834
333 5833
335 5832
337 5831
339 5830
341 5829
343 5828
345 5827
347 5826
349 5825
351 5824
353 5823
355 5822
357 5821
359 5820
361 5819
363 5818
365 5817
367 5816
369 5815
371 5814
373 5813
375 5812
377 5811
379 5810
381 5809
383 5808
385 5807
387 5806
389 5805
391 5804
393 5803
395 5802
397 5801
399 5800
401 5799
403 5798
405 5797
407 5796
409 5795
411 5794
413 5793
415 5792
417 5791
419 5790
421 5789
423 5788
425 5787
427 5786
429 5785
431 5784
433 5783
435 5782
437 5781
439 5780
441 5779
443 5778
445 5777
447 5776
449 5775
451 5774
453 5773
455 5772
457 5771
459 5770
461 5769
463 5768
465 5767
467 5766
469 5765
471 5764
473 5763
475 5762
477 5761
479 5760
481 5759
483 5758
485 5757
487 5756
489 5755
491 5754
493 5753
495 5752
497 5751
499 5750
501 5749
503 5748
505 5747
507 5746
509 5745
511 5744
513 5743
515 5742
517 5741
519 5740
521 5739
523 5738
525 5737
527 5736
529 5735
531 5734
533 5733
535 5732
537 5731
539 5730
541 5729
543 5728
545 5727
547 5726
549 5725
551 5724
553 5723
555 5722
557 5721
559 5720
561 5719
563 5718
565 5717
567 5716
569 5715
571 5714
573 5713
575 5712
577 5711
579 5710
581 5709
583 5708
585 5707
587 5706
589 5705
591 5704
593 5703
595 5702
597 5701
599 5700
601 5699
603 5698
605 5697
607 5696
609 5695
611 5694
613 5693
615 5692
617 5691
619 5690
621 5689
623 5688
625 5687
627 5686
629 5685
631 5684
633 5683
635 5682
637 5681
639 5680
641 5679
643 5678
645 5677
647 5676
649 5675
651 5674
653 5673
655 5672
657 5671
659 5670
661 5669
663 5668
665 5667
667 5666
669 5665
671 5664
673 5663
675 5662
677 5661
679 5660
681 5659
683 5658
685 5657
687 5656
689 5655
691 5654
693 5653
695 5652
697 5651
699 5650
701 5649
703 5648
705 5647
707 5646
709 5645
711 5644
713 5643
715 5642
717 5641
719 5640
721 5639
723 5638
725 5637
727 5636
729 5635
731 5634
733 5633
735 5632
737 5631
739 5630
741 5629
743 5628
745 5627
747 5626
749 5625
751 5624
753 5623
755 5622
757 5621
759 5620
761 5619
763 5618
765 5617
767 5616
769 5615
771 5614
773 5613
775 5612
777 5611
779 5610
781 5609
783 5608
785 5607
787 5606
789 5605
791 5604
793 5603
795 5602
797 5601
799 5600
801 5599
803 5598
805 5597
807 5596
809 5595
811 5594
813 5593
815 5592
817 5591
819 5590
821 5589
823 5588
825 5587
827 5586
829 5585
831 5584
833 5583
835 5582
837 5581
839 5580
841 5579
843 5578
845 5577
847 5576
849 5575
851 5574
853 5573
855 5572
857 5571
859 5570
861 5569
863 5568
865 5567
867 5566
869 5565
871 5564
873 5563
875 5562
877 5561
879 5560
881 5559
883 5558
885 5557
887 5556
889 5555
891 5554
893 5553
895 5552
897 5551
899 5550
901 5549
903 5548
905 5547
907 5546
909 5545
911 5544
913 5543
915 5542
917 5541
919 5540
921 5539
923 5538
925 5537
927 5536
929 5535
931 5534
933 5533
935 5532
937 5531
939 5530
941 5529
943 5528
945 5527
947 5526
949 5525
951 5524
953 5523
955 5522
957 5521
959 5520
961 5519
963 5518
965 5517
967 5516
969 5515
971 5514
973 5513
975 5512
977 5511
979 5510
981 5509
983 5508
985 5507
987 5506
989 5505
991 5504
993 5503
995 5502
997 5501
999 5500
1001 5499
1003 5498
1005 5497
1007 5496
1009 5495
1011 5494
1013 5493
1015 5492
1017 5491
1019 5490
1021 5489
1023 5488
1025 5487
1027 5486
1029 5485
1031 5484
1033 5483
1035 5482
1037 5481
1039 5480
1041 5479
1043 5478
1045 5477
1047 5476
1049 5475
1051 5474
1053 5473
1055 5472
1057 5471
1059 5470
1061 5469
1063 5468
1065 5467
1067 5466
1069 5465
1071 5464
1073 5463
1075 5462
1077 5461
1079 5460
1081 5459
1083 5458
1085 5457
1087 5456
1089 5455
1091 5454
1093 5453
1095 5452
1097 5451
1099 5450
1101 5449
1103 5448
1105 5447
1107 5446
1109 5445
1111 5444
1113 5443
1115 5442
1117 5441
1119 5440
1121 5439
1123 5438
1125 5437
1127 5436
1129 5435
1131 5434
1133 5433
1135 5432
1137 5431
1139 5430
1141 5429
1143 5428
1145 5427
1147 5426
1149 5425
1151 5424
1153 5423
1155 5422
1157 5421
1159 5420
1161 5419
1163 5418
1165 5417
1167 5416
1169 5415
1171 5414
1173 5413
1175 5412
1177 5411
1179 5410
1181 5409
1183 5408
1185 5407
1187 5406
1189 5405
1191 5404
1193 5403
1195 5402
1197 5401
1199 5400
1201 5399
1203 5398
1205 5397
1207 5396
1209 5395
1211 5394
1213 5393
1215 5392
1217 5391
1219 5390
1221 5389
1223 5388
1225 5387
1227 5386
1229 5385
1231 5384
1233 5383
1235 5382
1237 5381
1239 5380
1241 5379
1243 5378
1245 5377
1247 5376
1249 5375
1251 5374
1253 5373
1255 5372
1257 5371
1259 5370
1261 5369
1263 5368
1265 5367
1267 5366
1269 5365
1271 5364
1273 5363
1275 5362
1277 5361
1279 5360
1281 5359
1283 5358
1285 5357
1287 5356
1289 5355
1291 5354
1293 5353
1295 5352
1297 5351
1299 5350
1301 5349
1303 5348
1305 5347
1307 5346
1309 5345
1311 5344
1313 5343
1315 5342
1317 5341
1319 5340
1321 5339
1323 5338
1325 5337
1327 5336
1329 5335
1331 5334
1333 5333
1335 5332
1337 5331
1339 5330
1341 5329
1343 5328
1345 5327
1347 5326
1349 5325
1351 5324
1353 5323
1355 5322
1357 5321
1359 5320
1361 5319
1363 5318
1365 5317
1367 5316
1369 5315
1371 5314
1373 5313
1375 5312
1377 5311
1379 5310
1381 5309
1383 5308
1385 5307
1387 5306
1389 5305
1391 5304
1393 5303
1395 5302
1397 5301
1399 5300
1401 5299
1403 5298
1405 5297
1407 5296
1409 5295
1411 5294
1413 5293
1415 5292
1417 5291
1419 5290
1421 5289
1423 5288
1425 5287
1427 5286
1429 5285
1431 5284
1433 5283
1435 5282
1437 5281
1439 5280
1441 5279
1443 5278
1445 5277
1447 5276
1449 5275
1451 5274
1453 5273
1455 5272
1457 5271
1459 5270
1461 5269
1463 5268
1465 5267
1467 5266
1469 5265
1471 5264
1473 5263
1475 5262
1477 5261
1479 5260
1481 5259
1483 5258
1485 5257
1487 5256
1489 5255
1491 5254
1493 5253
1495 5252
1497 5251
1499 5250
1501 5249
1503 5248
1505 5247
1507 5246
1509 5245
1511 5244
1513 5243
1515 5242
1517 5241
1519 5240
1521 5239
1523 5238
1525 5237
1527 5236
1529 5235
1531 5234
1533 5233
1535 5232
1537 5231
1539 5230
1541 5229
1543 5228
1545 5227
1547 5226
1549 5225
1551 5224
1553 5223
1555 5222
1557 5221
1559 5220
1561 5219
1563 5218
1565 5217
1567 5216
1569 5215
1571 5214
1573 5213
1575 5212
1577 5211
1579 5210
1581 5209
1583 5208
1585 5207
1587 5206
1589 5205
1591 5204
1593 5203
1595 5202
1597 5201
1599 5200
1601 5199
1603 5198
1605 5197
1607 5196
1609 5195
1611 5194
1613 5193
1615 5192
1617 5191
1619 5190
1621 5189
1623 5188
1625 5187
1627 5186
1629 5185
1631 5184
1633 5183
1635 5182
1637 5181
1639 5180
1641 5179
1643 5178
1645 5177
1647 5176
1649 5175
1651 5174
1653 5173
1655 5172
1657 5171
1659 5170
1661 5169
1663 5168
1665 5167
1667 5166
1669 5165
1671 5164
1673 5163
1675 5162
1677 5161
1679 5160
1681 5159
1683 5158
1685 5157
1687 5156
1689 5155
1691 5154
1693 5153
1695 5152
1697 5151
1699 5150
1701 5149
1703 5148
1705 5147
1707 5146
1709 5145
1711 5144
1713 5143
1715 5142
1717 5141
1719 5140
1721 5139
1723 5138
1725 5137
1727 5136
1729 5135
1731 5134
1733 5133
1735 5132
1737 5131
1739 5130
1741 5129
1743 5128
1745 5127
1747 5126
1749 5125
1751 5124
1753 5123
1755 5122
1757 5121
1759 5120
1761 5119
1763 5118
1765 5117
1767 5116
1769 5115
1771 5114
1773 5113
1775 5112
1777 5111
1779 5110
1781 5109
1783 5108
1785 5107
1787 5106
1789 5105
1791 5104
1793 5103
1795 5102
1797 5101
1799 5100
1801 5099
1803 5098
1805 5097
1807 5096
1809 5095
1811 5094
1813 5093
1815 5092
1817 5091
1819 5090
1821 5089
1823 5088
1825 5087
1827 5086
1829 5085
1831 5084
1833 5083
1835 5082
1837 5081
1839 5080
1841 5079
1843 5078
1845 5077
1847 5076
1849 5075
1851 5074
1853 5073
1855 5072
1857 5071
1859 5070
1861 5069
1863 5068
1865 5067
1867 5066
1869 5065
1871 5064
1873 5063
1875 5062
1877 5061
1879 5060
1881 5059
1883 5058
1885 5057
1887 5056
1889 5055
1891 5054
1893 5053
1895 5052
1897 5051
1899 5050
1901 5049
1903 5048
1905 5047
1907 5046
1909 5045
1911 5044
1913 5043
1915 5042
1917 5041
1919 5040
1921 5039
1923 5038
1925 5037
1927 5036
1929 5035
1931 5034
1933 5033
1935 5032
1937 5031
1939 5030
1941 5029
1943 5028
1945 5027
1947 5026
1949 5025
1951 5024
1953 5023
1955 5022
1957 5021
1959 5020
1961 5019
1963 5018
1965 5017
1967 5016
1969 5015
1971 5014
1973 5013
1975 5012
1977 5011
1979 5010
1981 5009
1983 5008
1985 5007
1987 5006
1989 5005
1991 5004
1993 5003
1995 5002
1997 5001
1999 5000
2001 4999
2003 4998
2005 4997
2007 4996
2009 4995
2011 4994
2013 4993
2015 4992
2017 4991
2019 4990
2021 4989
2023 4988
2025 4987
2027 4986
2029 4985
2031 4984
2033 4983
2035 4982
2037 4981
2039 4980
2041 4979
2043 4978
2045 4977
2047 4976
2049 4975
2051 4974
2053 4973
2055 4972
2057 4971
2059 4970
2061 4969
2063 4968
2065 4967
2067 4966
2069 4965
2071 4964
2073 4963
2075 4962
2077 4961
2079 4960
2081 4959
2083 4958
2085 4957
2087 4956
2089 4955
2091 4954
2093 4953
2095 4952
2097 4951
2099 4950
2101 4949
2103 4948
2105 4947
2107 4946
2109 4945
2111 4944
2113 4943
2115 4942
2117 4941
2119 4940
2121 4939
2123 4938
2125 4937
2127 4936
2129 4935
2131 4934
2133 4933
2135 4932
2137 4931
2139 4930
2141 4929
2143 4928
2145 4927
2147 4926
2149 4925
2151 4924
2153 4923
2155 4922
2157 4921
2159 4920
2161 4919
2163 4918
2165 4917
2167 4916
2169 4915
2171 4914
2173 4913
2175 4912
2177 4911
2179 4910
2181 4909
2183 4908
2185 4907
2187 4906
2189 4905
2191 4904
2193 4903
2195 4902
2197 4901
2199 4900
2201 4899
2203 4898
2205 4897
2207 4896
2209 4895
2211 4894
2213 4893
2215 4892
2217 4891
2219 4890
2221 4889
2223 4888
2225 4887
2227 4886
2229 4885
2231 4884
2233 4883
2235 4882
2237 4881
2239 4880
2241 4879
2243 4878
2245 4877
2247 4876
2249 4875
2251 4874
2253 4873
2255 4872
2257 4871
2259 4870
2261 4869
2263 4868
2265 4867
2267 4866
2269 4865
2271 4864
2273 4863
2275 4862
2277 4861
2279 4860
2281 4859
2283 4858
2285 4857
2287 4856
2289 4855
2291 4854
2293 4853
2295 4852
2297 4851
2299 4850
2301 4849
2303 4848
2305 4847
2307 4846
2309 4845
2311 4844
2313 4843
2315 4842
2317 4841
2319 4840
2321 4839
2323 4838
2325 4837
2327 4836
2329 4835
2331 4834
2333 4833
2335 4832
2337 4831
2339 4830
2341 4829
2343 4828
2345 4827
2347 4826
2349 4825
2351 4824
2353 4823
2355 4822
2357 4821
2359 4820
2361 4819
2363 4818
2365 4817
2367 4816
2369 4815
2371 4814
2373 4813
2375 4812
2377 4811
2379 4810
2381 4809
2383 4808
2385 4807
2387 4806
2389 4805
2391 4804
2393 4803
2395 4802
2397 4801
2399 4800
2401 4799
2403 4798
2405 4797
2407 4796
2409 4795
2411 4794
2413 4793
2415 4792
2417 4791
2419 4790
2421 4789
2423 4788
2425 4787
2427 4786
2429 4785
2431 4784
2433 4783
2435 4782
2437 4781
2439 4780
2441 4779
2443 4778
2445 4777
2447 4776
2449 4775
2451 4774
2453 4773
2455 4772
2457 4771
2459 4770
2461 4769
2463 4768
2465 4767
2467 4766
2469 4765
2471 4764
2473 4763
2475 4762
2477 4761
2479 4760
2481 4759
2483 4758
2485 4757
2487 4756
2489 4755
2491 4754
2493 4753
2495 4752
2497 4751
2499 4750
2501 4749
2503 4748
2505 4747
2507 4746
2509 4745
2511 4744
2513 4743
2515 4742
2517 4741
2519 4740
2521 4739
2523 4738
2525 4737
2527 4736
2529 4735
2531 4734
2533 4733
2535 4732
2537 4731
2539 4730
2541 4729
2543 4728
2545 4727
2547 4726
2549 4725
2551 4724
2553 4723
2555 4722
2557 4721
2559 4720
2561 4719
2563 4718
2565 4717
2567 4716
2569 4715
2571 4714
2573 4713
2575 4712
2577 4711
2579 4710
2581 4709
2583 4708
2585 4707
2587 4706
2589 4705
2591 4704
2593 4703
2595 4702
2597 4701
2599 4700
2601 4699
2603 4698
2605 4697
2607 4696
2609 4695
2611 4694
2613 4693
2615 4692
2617 4691
2619 4690
2621 4689
2623 4688
2625 4687
2627 4686
2629 4685
2631 4684
2633 4683
2635 4682
2637 4681
2639 4680
2641 4679
2643 4678
2645 4677
2647 4676
2649 4675
2651 4674
2653 4673
2655 4672
2657 4671
2659 4670
2661 4669
2663 4668
2665 4667
2667 4666
2669 4665
2671 4664
2673 4663
2675 4662
2677 4661
2679 4660
2681 4659
2683 4658
2685 4657
2687 4656
2689 4655
2691 4654
2693 4653
2695 4652
2697 4651
2699 4650
2701 4649
2703 4648
2705 4647
2707 4646
2709 4645
2711 4644
2713 4643
2715 4642
2717 4641
2719 4640
2721 4639
2723 4638
2725 4637
2727 4636
2729 4635
2731 4634
2733 4633
2735 4632
2737 4631
2739 4630
2741 4629
2743 4628
2745 4627
2747 4626
2749 4625
2751 4624
2753 4623
2755 4622
2757 4621
2759 4620
2761 4619
2763 4618
2765 4617
2767 4616
2769 4615
2771 4614
2773 4613
2775 4612
2777 4611
2779 4610
2781 4609
2783 4608
2785 4607
2787 4606
2789 4605
2791 4604
2793 4603
2795 4602
2797 4601
2799 4600
2801 4599
2803 4598
2805 4597
2807 4596
2809 4595
2811 4594
2813 4593
2815 4592
2817 4591
2819 4590
2821 4589
2823 4588
2825 4587
2827 4586
2829 4585
2831 4584
2833 4583
2835 4582
2837 4581
2839 4580
2841 4579
2843 4578
2845 4577
2847 4576
2849 4575
2851 4574
2853 4573
2855 4572
2857 4571
2859 4570
2861 4569
2863 4568
2865 4567
2867 4566
2869 4565
2871 4564
2873 4563
2875 4562
2877 4561
2879 4560
2881 4559
2883 4558
2885 4557
2887 4556
2889 4555
2891 4554
2893 4553
2895 4552
2897 4551
2899 4550
2901 4549
2903 4548
2905 4547
2907 4546
2909 4545
2911 4544
2913 4543
2915 4542
2917 4541
2919 4540
2921 4539
2923 4538
2925 4537
2927 4536
2929 4535
2931 4534
2933 4533
2935 4532
2937 4531
2939 4530
2941 4529
2943 4528
2945 4527
2947 4526
2949 4525
2951 4524
2953 4523
2955 4522
2957 4521
2959 4520
2961 4519
2963 4518
2965 4517
2967 4516
2969 4515
2971 4514
2973 4513
2975 4512
2977 4511
2979 4510
2981 4509
2983 4508
2985 4507
2987 4506
2989 4505
2991 4504
2993 4503
2995 4502
2997 4501
2999 4500
3001 4499
3003 4498
3005 4497
3007 4496
3009 4495
3011 4494
3013 4493
3015 4492
3017 4491
3019 4490
3021 4489
3023 4488
3025 4487
3027 4486
3029 4485
3031 4484
3033 4483
3035 4482
3037 4481
3039 4480
3041 4479
3043 4478
3045 4477
3047 4476
3049 4475
3051 4474
3053 4473
3055 4472
3057 4471
3059 4470
3061 4469
3063 4468
3065 4467
3067 4466
3069 4465
3071 4464
3073 4463
3075 4462
3077 4461
3079 4460
3081 4459
3083 4458
3085 4457
3087 4456
3089 4455
3091 4454
3093 4453
3095 4452
3097 4451
3099 4450
3101 4449
3103 4448
3105 4447
3107 4446
3109 4445
3111 4444
3113 4443
3115 4442
3117 4441
3119 4440
3121 4439
3123 4438
3125 4437
3127 4436
3129 4435
3131 4434
3133 4433
3135 4432
3137 4431
3139 4430
3141 4429
3143 4428
3145 4427
3147 4426
3149 4425
3151 4424
3153 4423
3155 4422
3157 4421
3159 4420
3161 4419
3163 4418
3165 4417
3167 4416
3169 4415
3171 4414
3173 4413
3175 4412
3177 4411
3179 4410
3181 4409
3183 4408
3185 4407
3187 4406
3189 4405
3191 4404
3193 4403
3195 4402
3197 4401
3199 4400
3201 4399
3203 4398
3205 4397
3207 4396
3209 4395
3211 4394
3213 4393
3215 4392
3217 4391
3219 4390
3221 4389
3223 4388
3225 4387
3227 4386
3229 4385
3231 4384
3233 4383
3235 4382
3237 4381
3239 4380
3241 4379
3243 4378
3245 4377
3247 4376
3249 4375
3251 4374
3253 4373
3255 4372
3257 4371
3259 4370
3261 4369
3263 4368
3265 4367
3267 4366
3269 4365
3271 4364
3273 4363
3275 4362
3277 4361
3279 4360
3281 4359
3283 4358
3285 4357
3287 4356
3289 4355
3291 4354
3293 4353
3295 4352
3297 4351
3299 4350
3301 4349
3303 4348
3305 4347
3307 4346
3309 4345
3311 4344
3313 4343
3315 4342
3317 4341
3319 4340
3321 4339
3323 4338
3325 4337
3327 4336
3329 4335
3331 4334
3333 4333
3335 4332
3337 4331
3339 4330
3341 4329
3343 4328
3345 4327
3347 4326
3349 4325
3351 4324
3353 4323
3355 4322
3357 4321
3359 4320
3361 4319
3363 4318
3365 4317
3367 4316
3369 4315
3371 4314
3373 4313
3375 4312
3377 4311
3379 4310
3381 4309
3383 4308
3385 4307
3387 4306
3389 4305
3391 4304
3393 4303
3395 4302
3397 4301
3399 4300
3401 4299
3403 4298
3405 4297
3407 4296
3409 4295
3411 4294
3413 4293
3415 4292
3417 4291
3419 4290
3421 4289
3423 4288
3425 4287
3427 4286
3429 4285
3431 4284
3433 4283
3435 4282
3437 4281
3439 4280
3441 4279
3443 4278
3445 4277
3447 4276
3449 4275
3451 4274
3453 4273
3455 4272
3457 4271
3459 4270
3461 4269
3463 4268
3465 4267
3467 4266
3469 4265
3471 4264
3473 4263
3475 4262
3477 4261
3479 4260
3481 4259
3483 4258
3485 4257
3487 4256
3489 4255
3491 4254
3493 4253
3495 4252
3497 4251
3499 4250
3501 4249
3503 4248
3505 4247
3507 4246
3509 4245
3511 4244
3513 4243
3515 4242
3517 4241
3519 4240
3521 4239
3523 4238
3525 4237
3527 4236
3529 4235
3531 4234
3533 4233
3535 4232
3537 4231
3539 4230
3541 4229
3543 4228
3545 4227
3547 4226
3549 4225
3551 4224
3553 4223
3555 4222
3557 4221
3559 4220
3561 4219
3563 4218
3565 4217
3567 4216
3569 4215
3571 4214
3573 4213
3575 4212
3577 4211
3579 4210
3581 4209
3583 4208
3585 4207
3587 4206
3589 4205
3591 4204
3593 4203
3595 4202
3597 4201
3599 4200
3601 4199
3603 4198
3605 4197
3607 4196
3609 4195
3611 4194
3613 4193
3615 4192
3617 4191
3619 4190
3621 4189
3623 4188
3625 4187
3627 4186
3629 4185
3631 4184
3633 4183
3635 4182
3637 4181
3639 4180
3641 4179
3643 4178
3645 4177
3647 4176
3649 4175
3651 4174
3653 4173
3655 4172
3657 4171
3659 4170
3661 4169
3663 4168
3665 4167
3667 4166
3669 4165
3671 4164
3673 4163
3675 4162
3677 4161
3679 4160
3681 4159
3683 4158
3685 4157
3687 4156
3689 4155
3691 4154
3693 4153
3695 4152
3697 4151
3699 4150
3701 4149
3703 4148
3705 4147
3707 4146
3709 4145
3711 4144
3713 4143
3715 4142
3717 4141
3719 4140
3721 4139
3723 4138
3725 4137
3727 4136
3729 4135
3731 4134
3733 4133
3735 4132
3737 4131
3739 4130
3741 4129
3743 4128
3745 4127
3747 4126
3749 4125
3751 4124
3753 4123
3755 4122
3757 4121
3759 4120
3761 4119
3763 4118
3765 4117
3767 4116
3769 4115
3771 4114
3773 4113
3775 4112
3777 4111
3779 4110
3781 4109
3783 4108
3785 4107
3787 4106
3789 4105
3791 4104
3793 4103
3795 4102
3797 4101
3799 4100
3801 4099
3803 4098
3805 4097
3807 4096
3809 4095
3811 4094
3813 4093
3815 4092
3817 4091
3819 4090
3821 4089
3823 4088
3825 4087
3827 4086
3829 4085
3831 4084
3833 4083
3835 4082
3837 4081
3839 4080
3841 4079
3843 4078
3845 4077
3847 4076
3849 4075
3851 4074
3853 4073
3855 4072
3857 4071
3859 4070
3861 4069
3863 4068
3865 4067
3867 4066
3869 4065
3871 4064
3873 4063
3875 4062
3877 4061
3879 4060
3881 4059
3883 4058
3885 4057
3887 4056
3889 4055
3891 4054
3893 4053
3895 4052
3897 4051
3899 4050
3901 4049
3903 4048
3905 4047
3907 4046
3909 4045
3911 4044
3913 4043
3915 4042
3917 4041
3919 4040
3921 4039
3923 4038
3925 4037
3927 4036
3929 4035
3931 4034
3933 4033
3935 4032
3937 4031
3939 4030
3941 4029
3943 4028
3945 4027
3947 4026
3949 4025
3951 4024
3953 4023
3955 4022
3957 4021
3959 4020
3961 4019
3963 4018
3965 4017
3967 4016
3969 4015
3971 4014
3973 4013
3975 4012
3977 4011
3979 4010
3981 4009
3983 4008
3985 4007
3987 4006
3989 4005
3991 4004
3993 4003
3995 4002
3997 4001
3999 4000
4001 3999
4003 3998
4005 3997
4007 3996
4009 3995
4011 3994
4013 3993
4015 3992
4017 3991
4019 3990
4021 3989
4023 3988
4025 3987
4027 3986
4029 3985
4031 3984
4033 3983
4035 3982
4037 3981
4039 3980
4041 3979
4043 3978
4045 3977
4047 3976
4049 3975
4051 3974
4053 3973
4055 3972
4057 3971
4059 3970
4061 3969
4063 3968
4065 3967
4067 3966
4069 3965
4071 3964
4073 3963
4075 3962
4077 3961
4079 3960
4081 3959
4083 3958
4085 3957
4087 3956
4089 3955
4091 3954
4093 3953
4095 3952
4097 3951
4099 3950
4101 3949
4103 3948
4105 3947
4107 3946
4109 3945
4111 3944
4113 3943
4115 3942
4117 3941
4119 3940
4121 3939
4123 3938
4125 3937
4127 3936
4129 3935
4131 3934
4133 3933
4135 3932
4137 3931
4139 3930
4141 3929
4143 3928
4145 3927
4147 3926
4149 3925
4151 3924
4153 3923
4155 3922
4157 3921
4159 3920
4161 3919
4163 3918
4165 3917
4167 3916
4169 3915
4171 3914
4173 3913
4175 3912
4177 3911
4179 3910
4181 3909
4183 3908
4185 3907
4187 3906
4189 3905
4191 3904
4193 3903
4195 3902
4197 3901
4199 3900
4201 3899
4203 3898
4205 3897
4207 3896
4209 3895
4211 3894
4213 3893
4215 3892
4217 3891
4219 3890
4221 3889
4223 3888
4225 3887
4227 3886
4229 3885
4231 3884
4233 3883
4235 3882
4237 3881
4239 3880
4241 3879
4243 3878
4245 3877
4247 3876
4249 3875
4251 3874
4253 3873
4255 3872
4257 3871
4259 3870
4261 3869
4263 3868
4265 3867
4267 3866
4269 3865
4271 3864
4273 3863
4275 3862
4277 3861
4279 3860
4281 3859
4283 3858
4285 3857
4287 3856
4289 3855
4291 3854
4293 3853
4295 3852
4297 3851
4299 3850
4301 3849
4303 3848
4305 3847
4307 3846
4309 3845
4311 3844
4313 3843
4315 3842
4317 3841
4319 3840
4321 3839
4323 3838
4325 3837
4327 3836
4329 3835
4331 3834
4333 3833
4335 3832
4337 3831
4339 3830
4341 3829
4343 3828
4345 3827
4347 3826
4349 3825
4351 3824
4353 3823
4355 3822
4357 3821
4359 3820
4361 3819
4363 3818
4365 3817
4367 3816
4369 3815
4371 3814
4373 3813
4375 3812
4377 3811
4379 3810
4381 3809
4383 3808
4385 3807
4387 3806
4389 3805
4391 3804
4393 3803
4395 3802
4397 3801
4399 3800
4401 3799
4403 3798
4405 3797
4407 3796
4409 3795
4411 3794
4413 3793
4415 3792
4417 3791
4419 3790
4421 3789
4423 3788
4425 3787
4427 3786
4429 3785
4431 3784
4433 3783
4435 3782
4437 3781
4439 3780
4441 3779
4443 3778
4445 3777
4447 3776
4449 3775
4451 3774
4453 3773
4455 3772
4457 3771
4459 3770
4461 3769
4463 3768
4465 3767
4467 3766
4469 3765
4471 3764
4473 3763
4475 3762
4477 3761
4479 3760
4481 3759
4483 3758
4485 3757
4487 3756
4489 3755
4491 3754
4493 3753
4495 3752
4497 3751
4499 3750
4501 3749
4503 3748
4505 3747
4507 3746
4509 3745
4511 3744
4513 3743
4515 3742
4517 3741
4519 3740
4521 3739
4523 3738
4525 3737
4527 3736
4529 3735
4531 3734
4533 3733
4535 3732
4537 3731
4539 3730
4541 3729
4543 3728
4545 3727
4547 3726
4549 3725
4551 3724
4553 3723
4555 3722
4557 3721
4559 3720
4561 3719
4563 3718
4565 3717
4567 3716
4569 3715
4571 3714
4573 3713
4575 3712
4577 3711
4579 3710
4581 3709
4583 3708
4585 3707
4587 3706
4589 3705
4591 3704
4593 3703
4595 3702
4597 3701
4599 3700
4601 3699
4603 3698
4605 3697
4607 3696
4609 3695
4611 3694
4613 3693
4615 3692
4617 3691
4619 3690
4621 3689
4623 3688
4625 3687
4627 3686
4629 3685
4631 3684
4633 3683
4635 3682
4637 3681
4639 3680
4641 3679
4643 3678
4645 3677
4647 3676
4649 3675
4651 3674
4653 3673
4655 3672
4657 3671
4659 3670
4661 3669
4663 3668
4665 3667
4667 3666
4669 3665
4671 3664
4673 3663
4675 3662
4677 3661
4679 3660
4681 3659
4683 3658
4685 3657
4687 3656
4689 3655
4691 3654
4693 3653
4695 3652
4697 3651
4699 3650
4701 3649
4703 3648
4705 3647
4707 3646
4709 3645
4711 3644
4713 3643
4715 3642
4717 3641
4719 3640
4721 3639
4723 3638
4725 3637
4727 3636
4729 3635
4731 3634
4733 3633
4735 3632
4737 3631
4739 3630
4741 3629
4743 3628
4745 3627
4747 3626
4749 3625
4751 3624
4753 3623
4755 3622
4757 3621
4759 3620
4761 3619
4763 3618
4765 3617
4767 3616
4769 3615
4771 3614
4773 3613
4775 3612
4777 3611
4779 3610
4781 3609
4783 3608
4785 3607
4787 3606
4789 3605
4791 3604
4793 3603
4795 3602
4797 3601
4799 3600
4801 3599
4803 3598
4805 3597
4807 3596
4809 3595
4811 3594
4813 3593
4815 3592
4817 3591
4819 3590
4821 3589
4823 3588
4825 3587
4827 3586
4829 3585
4831 3584
4833 3583
4835 3582
4837 3581
4839 3580
4841 3579
4843 3578
4845 3577
4847 3576
4849 3575
4851 3574
4853 3573
4855 3572
4857 3571
4859 3570
4861 3569
4863 3568
4865 3567
4867 3566
4869 3565
4871 3564
4873 3563
4875 3562
4877 3561
4879 3560
4881 3559
4883 3558
4885 3557
4887 3556
4889 3555
4891 3554
4893 3553
4895 3552
4897 3551
4899 3550
4901 3549
4903 3548
4905 3547
4907 3546
4909 3545
4911 3544
4913 3543
4915 3542
4917 3541
4919 3540
4921 3539
4923 3538
4925 3537
4927 3536
4929 3535
4931 3534
4933 3533
4935 3532
4937 3531
4939 3530
4941 3529
4943 3528
4945 3527
4947 3526
4949 3525
4951 3524
4953 3523
4955 3522
4957 3521
4959 3520
4961 3519
4963 3518
4965 3517
4967 3516
4969 3515
4971 3514
4973 3513
4975 3512
4977 3511
4979 3510
4981 3509
4983 3508
4985 3507
4987 3506
4989 3505
4991 3504
4993 3503
4995 3502
4997 3501
4999 3500
5001 3499
5003 3498
5005 3497
5007 3496
5009 3495
5011 3494
5013 3493
5015 3492
5017 3491
5019 3490
5021 3489
5023 3488
5025 3487
5027 3486
5029 3485
5031 3484
5033 3483
5035 3482
5037 3481
5039 3480
5041 3479
5043 3478
5045 3477
5047 3476
5049 3475
5051 3474
5053 3473
5055 3472
5057 3471
5059 3470
5061 3469
5063 3468
5065 3467
5067 3466
5069 3465
5071 3464
5073 3463
5075 3462
5077 3461
5079 3460
5081 3459
5083 3458
5085 3457
5087 3456
5089 3455
5091 3454
5093 3453
5095 3452
5097 3451
5099 3450
5101 3449
5103 3448
5105 3447
5107 3446
5109 3445
5111 3444
5113 3443
5115 3442
5117 3441
5119 3440
5121 3439
5123 3438
5125 3437
5127 3436
5129 3435
5131 3434
5133 3433
5135 3432
5137 3431
5139 3430
5141 3429
5143 3428
5145 3427
5147 3426
5149 3425
5151 3424
5153 3423
5155 3422
5157 3421
5159 3420
5161 3419
5163 3418
5165 3417
5167 3416
5169 3415
5171 3414
5173 3413
5175 3412
5177 3411
5179 3410
5181 3409
5183 3408
5185 3407
5187 3406
5189 3405
5191 3404
5193 3403
5195 3402
5197 3401
5199 3400
5201 3399
5203 3398
5205 3397
5207 3396
5209 3395
5211 3394
5213 3393
5215 3392
5217 3391
5219 3390
5221 3389
5223 3388
5225 3387
5227 3386
5229 3385
5231 3384
5233 3383
5235 3382
5237 3381
5239 3380
5241 3379
5243 3378
5245 3377
5247 3376
5249 3375
5251 3374
5253 3373
5255 3372
5257 3371
5259 3370
5261 3369
5263 3368
5265 3367
5267 3366
5269 3365
5271 3364
5273 3363
5275 3362
5277 3361
5279 3360
5281 3359
5283 3358
5285 3357
5287 3356
5289 3355
5291 3354
5293 3353
5295 3352
5297 3351
5299 3350
5301 3349
5303 3348
5305 3347
5307 3346
5309 3345
5311 3344
5313 3343
5315 3342
5317 3341
5319 3340
5321 3339
5323 3338
5325 3337
5327 3336
5329 3335
5331 3334
5333 3333
5335 3332
5337 3331
5339 3330
5341 3329
5343 3328
5345 3327
5347 3326
5349 3325
5351 3324
5353 3323
5355 3322
5357 3321
5359 3320
5361 3319
5363 3318
5365 3317
5367 3316
5369 3315
5371 3314
5373 3313
5375 3312
5377 3311
5379 3310
5381 3309
5383 3308
5385 3307
5387 3306
5389 3305
5391 3304
5393 3303
5395 3302
5397 3301
5399 3300
5401 3299
5403 3298
5405 3297
5407 3296
5409 3295
5411 3294
5413 3293
5415 3292
5417 3291
5419 3290
5421 3289
5423 3288
5425 3287
5427 3286
5429 3285
5431 3284
5433 3283
5435 3282
5437 3281
5439 3280
5441 3279
5443 3278
5445 3277
5447 3276
5449 3275
5451 3274
5453 3273
5455 3272
5457 3271
5459 3270
5461 3269
5463 3268
5465 3267
5467 3266
5469 3265
5471 3264
5473 3263
5475 3262
5477 3261
5479 3260
5481 3259
5483 3258
5485 3257
5487 3256
5489 3255
5491 3254
5493 3253
5495 3252
5497 3251
5499 3250
5501 3249
5503 3248
5505 3247
5507 3246
5509 3245
5511 3244
5513 3243
5515 3242
5517 3241
5519 3240
5521 3239
5523 3238
5525 3237
5527 3236
5529 3235
5531 3234
5533 3233
5535 3232
5537 3231
5539 3230
5541 3229
5543 3228
5545 3227
5547 3226
5549 3225
5551 3224
5553 3223
5555 3222
5557 3221
5559 3220
5561 3219
5563 3218
5565 3217
5567 3216
5569 3215
5571 3214
5573 3213
5575 3212
5577 3211
5579 3210
5581 3209
5583 3208
5585 3207
5587 3206
5589 3205
5591 3204
5593 3203
5595 3202
5597 3201
5599 3200
5601 3199
5603 3198
5605 3197
5607 3196
5609 3195
5611 3194
5613 3193
5615 3192
5617 3191
5619 3190
5621 3189
5623 3188
5625 3187
5627 3186
5629 3185
5631 3184
5633 3183
5635 3182
5637 3181
5639 3180
5641 3179
5643 3178
5645 3177
5647 3176
5649 3175
5651 3174
5653 3173
5655 3172
5657 3171
5659 3170
5661 3169
5663 3168
5665 3167
5667 3166
5669 3165
5671 3164
5673 3163
5675 3162
5677 3161
5679 3160
5681 3159
5683 3158
5685 3157
5687 3156
5689 3155
5691 3154
5693 3153
5695 3152
5697 3151
5699 3150
5701 3149
5703 3148
5705 3147
5707 3146
5709 3145
5711 3144
5713 3143
5715 3142
5717 3141
5719 3140
5721 3139
5723 3138
5725 3137
5727 3136
5729 3135
5731 3134
5733 3133
5735 3132
5737 3131
5739 3130
5741 3129
5743 3128
5745 3127
5747 3126
5749 3125
5751 3124
5753 3123
5755 3122
5757 3121
5759 3120
5761 3119
5763 3118
5765 3117
5767 3116
5769 3115
5771 3114
5773 3113
5775 3112
5777 3111
5779 3110
5781 3109
5783 3108
5785 3107
5787 3106
5789 3105
5791 3104
5793 3103
5795 3102
5797 3101
5799 3100
5801 3099
5803 3098
5805 3097
5807 3096
5809 3095
5811 3094
5813 3093
5815 3092
5817 3091
5819 3090
5821 3089
5823 3088
5825 3087
5827 3086
5829 3085
5831 3084
5833 3083
5835 3082
5837 3081
5839 3080
5841 3079
5843 3078
5845 3077
5847 3076
5849 3075
5851 3074
5853 3073
5855 3072
5857 3071
5859 3070
5861 3069
5863 3068
5865 3067
5867 3066
5869 3065
5871 3064
5873 3063
5875 3062
5877 3061
5879 3060
5881 3059
5883 3058
5885 3057
5887 3056
5889 3055
5891 3054
5893 3053
5895 3052
5897 3051
5899 3050
5901 3049
5903 3048
5905 3047
5907 3046
5909 3045
5911 3044
5913 3043
5915 3042
5917 3041
5919 3040
5921 3039
5923 3038
5925 3037
5927 3036
5929 3035
5931 3034
5933 3033
5935 3032
5937 3031
5939 3030
5941 3029
5943 3028
5945 3027
5947 3026
5949 3025
5951 3024
5953 3023
5955 3022
5957 3021
5959 3020
5961 3019
5963 3018
5965 3017
5967 3016
5969 3015
5971 3014
5973 3013
5975 3012
5977 3011
5979 3010
5981 3009
5983 3008
5985 3007
5987 3006
5989 3005
5991 3004
5993 3003
5995 3002
5997 3001
5999 3000
6001 2999
6003 2998
6005 2997
6007 2996
6009 2995
6011 2994
6013 2993
6015 2992
6017 2991
6019 2990
6021 2989
6023 2988
6025 2987
6027 2986
6029 2985
6031 2984
6033 2983
6035 2982
6037 2981
6039 2980
6041 2979
6043 2978
6045 2977
6047 2976
6049 2975
6051 2974
6053 2973
6055 2972
6057 2971
6059 2970
6061 2969
6063 2968
6065 2967
6067 2966
6069 2965
6071 2964
6073 2963
6075 2962
6077 2961
6079 2960
6081 2959
6083 2958
6085 2957
6087 2956
6089 2955
6091 2954
6093 2953
6095 2952
6097 2951
6099 2950
6101 2949
6103 2948
6105 2947
6107 2946
6109 2945
6111 2944
6113 2943
6115 2942
6117 2941
6119 2940
6121 2939
6123 2938
6125 2937
6127 2936
6129 2935
6131 2934
6133 2933
6135 2932
6137 2931
6139 2930
6141 2929
6143 2928
6145 2927
6147 2926
6149 2925
6151 2924
6153 2923
6155 2922
6157 2921
6159 2920
6161 2919
6163 2918
6165 2917
6167 2916
6169 2915
6171 2914
6173 2913
6175 2912
6177 2911
6179 2910
6181 2909
6183 2908
6185 2907
6187 2906
6189 2905
6191 2904
6193 2903
6195 2902
6197 2901
6199 2900
6201 2899
6203 2898
6205 2897
6207 2896
6209 2895
6211 2894
6213 2893
6215 2892
6217 2891
6219 2890
6221 2889
6223 2888
6225 2887
6227 2886
6229 2885
6231 2884
6233 2883
6235 2882
6237 2881
6239 2880
6241 2879
6243 2878
6245 2877
6247 2876
6249 2875
6251 2874
6253 2873
6255 2872
6257 2871
6259 2870
6261 2869
6263 2868
6265 2867
6267 2866
6269 2865
6271 2864
6273 2863
6275 2862
6277 2861
6279 2860
6281 2859
6283 2858
6285 2857
6287 2856
6289 2855
6291 2854
6293 2853
6295 2852
6297 2851
6299 2850
6301 2849
6303 2848
6305 2847
6307 2846
6309 2845
6311 2844
6313 2843
6315 2842
6317 2841
6319 2840
6321 2839
6323 2838
6325 2837
6327 2836
6329 2835
6331 2834
6333 2833
6335 2832
6337 2831
6339 2830
6341 2829
6343 2828
6345 2827
6347 2826
6349 2825
6351 2824
6353 2823
6355 2822
6357 2821
6359 2820
6361 2819
6363 2818
6365 2817
6367 2816
6369 2815
6371 2814
6373 2813
6375 2812
6377 2811
6379 2810
6381 2809
6383 2808
6385 2807
6387 2806
6389 2805
6391 2804
6393 2803
6395 2802
6397 2801
6399 2800
6401 2799
6403 2798
6405 2797
6407 2796
6409 2795
6411 2794
6413 2793
6415 2792
6417 2791
6419 2790
6421 2789
6423 2788
6425 2787
6427 2786
6429 2785
6431 2784
6433 2783
6435 2782
6437 2781
6439 2780
6441 2779
6443 2778
6445 2777
6447 2776
6449 2775
6451 2774
6453 2773
6455 2772
6457 2771
6459 2770
6461 2769
6463 2768
6465 2767
6467 2766
6469 2765
6471 2764
6473 2763
6475 2762
6477 2761
6479 2760
6481 2759
6483 2758
6485 2757
6487 2756
6489 2755
6491 2754
6493 2753
6495 2752
6497 2751
6499 2750
6501 2749
6503 2748
6505 2747
6507 2746
6509 2745
6511 2744
6513 2743
6515 2742
6517 2741
6519 2740
6521 2739
6523 2738
6525 2737
6527 2736
6529 2735
6531 2734
6533 2733
6535 2732
6537 2731
6539 2730
6541 2729
6543 2728
6545 2727
6547 2726
6549 2725
6551 2724
6553 2723
6555 2722
6557 2721
6559 2720
6561 2719
6563 2718
6565 2717
6567 2716
6569 2715
6571 2714
6573 2713
6575 2712
6577 2711
6579 2710
6581 2709
6583 2708
6585 2707
6587 2706
6589 2705
6591 2704
6593 2703
6595 2702
6597 2701
6599 2700
6601 2699
6603 2698
6605 2697
6607 2696
6609 2695
6611 2694
6613 2693
6615 2692
6617 2691
6619 2690
6621 2689
6623 2688
6625 2687
6627 2686
6629 2685
6631 2684
6633 2683
6635 2682
6637 2681
6639 2680
6641 2679
6643 2678
6645 2677
6647 2676
6649 2675
6651 2674
6653 2673
6655 2672
6657 2671
6659 2670
6661 2669
6663 2668
6665 2667
6667 2666
6669 2665
6671 2664
6673 2663
6675 2662
6677 2661
6679 2660
6681 2659
6683 2658
6685 2657
6687 2656
6689 2655
6691 2654
6693 2653
6695 2652
6697 2651
6699 2650
6701 2649
6703 2648
6705 2647
6707 2646
6709 2645
6711 2644
6713 2643
6715 2642
6717 2641
6719 2640
6721 2639
6723 2638
6725 2637
6727 2636
6729 2635
6731 2634
6733 2633
6735 2632
6737 2631
6739 2630
6741 2629
6743 2628
6745 2627
6747 2626
6749 2625
6751 2624
6753 2623
6755 2622
6757 2621
6759 2620
6761 2619
6763 2618
6765 2617
6767 2616
6769 2615
6771 2614
6773 2613
6775 2612
6777 2611
6779 2610
6781 2609
6783 2608
6785 2607
6787 2606
6789 2605
6791 2604
6793 2603
6795 2602
6797 2601
6799 2600
6801 2599
6803 2598
6805 2597
6807 2596
6809 2595
6811 2594
6813 2593
6815 2592
6817 2591
6819 2590
6821 2589
6823 2588
6825 2587
6827 2586
6829 2585
6831 2584
6833 2583
6835 2582
6837 2581
6839 2580
6841 2579
6843 2578
6845 2577
6847 2576
6849 2575
6851 2574
6853 2573
6855 2572
6857 2571
6859 2570
6861 2569
6863 2568
6865 2567
6867 2566
6869 2565
6871 2564
6873 2563
6875 2562
6877 2561
6879 2560
6881 2559
6883 2558
6885 2557
6887 2556
6889 2555
6891 2554
6893 2553
6895 2552
6897 2551
6899 2550
6901 2549
6903 2548
6905 2547
6907 2546
6909 2545
6911 2544
6913 2543
6915 2542
6917 2541
6919 2540
6921 2539
6923 2538
6925 2537
6927 2536
6929 2535
6931 2534
6933 2533
6935 2532
6937 2531
6939 2530
6941 2529
6943 2528
6945 2527
6947 2526
6949 2525
6951 2524
6953 2523
6955 2522
6957 2521
6959 2520
6961 2519
6963 2518
6965 2517
6967 2516
6969 2515
6971 2514
6973 2513
6975 2512
6977 2511
6979 2510
6981 2509
6983 2508
6985 2507
6987 2506
6989 2505
6991 2504
6993 2503
6995 2502
6997 2501
6999 2500
7001 2499
7003 2498
7005 2497
7007 2496
7009 2495
7011 2494
7013 2493
7015 2492
7017 2491
7019 2490
7021 2489
7023 2488
7025 2487
7027 2486
7029 2485
7031 2484
7033 2483
7035 2482
7037 2481
7039 2480
7041 2479
7043 2478
7045 2477
7047 2476
7049 2475
7051 2474
7053 2473
7055 2472
7057 2471
7059 2470
7061 2469
7063 2468
7065 2467
7067 2466
7069 2465
7071 2464
7073 2463
7075 2462
7077 2461
7079 2460
7081 2459
7083 2458
7085 2457
7087 2456
7089 2455
7091 2454
7093 2453
7095 2452
7097 2451
7099 2450
7101 2449
7103 2448
7105 2447
7107 2446
7109 2445
7111 2444
7113 2443
7115 2442
7117 2441
7119 2440
7121 2439
7123 2438
7125 2437
7127 2436
7129 2435
7131 2434
7133 2433
7135 2432
7137 2431
7139 2430
7141 2429
7143 2428
7145 2427
7147 2426
7149 2425
7151 2424
7153 2423
7155 2422
7157 2421
7159 2420
7161 2419
7163 2418
7165 2417
7167 2416
7169 2415
7171 2414
7173 2413
7175 2412
7177 2411
7179 2410
7181 2409
7183 2408
7185 2407
7187 2406
7189 2405
7191 2404
7193 2403
7195 2402
7197 2401
7199 2400
7201 2399
7203 2398
7205 2397
7207 2396
7209 2395
7211 2394
7213 2393
7215 2392
7217 2391
7219 2390
7221 2389
7223 2388
7225 2387
7227 2386
7229 2385
7231 2384
7233 2383
7235 2382
7237 2381
7239 2380
7241 2379
7243 2378
7245 2377
7247 2376
7249 2375
7251 2374
7253 2373
7255 2372
7257 2371
7259 2370
7261 2369
7263 2368
7265 2367
7267 2366
7269 2365
7271 2364
7273 2363
7275 2362
7277 2361
7279 2360
7281 2359
7283 2358
7285 2357
7287 2356
7289 2355
7291 2354
7293 2353
7295 2352
7297 2351
7299 2350
7301 2349
7303 2348
7305 2347
7307 2346
7309 2345
7311 2344
7313 2343
7315 2342
7317 2341
7319 2340
7321 2339
7323 2338
7325 2337
7327 2336
7329 2335
7331 2334
7333 2333
7335 2332
7337 2331
7339 2330
7341 2329
7343 2328
7345 2327
7347 2326
7349 2325
7351 2324
7353 2323
7355 2322
7357 2321
7359 2320
7361 2319
7363 2318
7365 2317
7367 2316
7369 2315
7371 2314
7373 2313
7375 2312
7377 2311
7379 2310
7381 2309
7383 2308
7385 2307
7387 2306
7389 2305
7391 2304
7393 2303
7395 2302
7397 2301
7399 2300
7401 2299
7403 2298
7405 2297
7407 2296
7409 2295
7411 2294
7413 2293
7415 2292
7417 2291
7419 2290
7421 2289
7423 2288
7425 2287
7427 2286
7429 2285
7431 2284
7433 2283
7435 2282
7437 2281
7439 2280
7441 2279
7443 2278
7445 2277
7447 2276
7449 2275
7451 2274
7453 2273
7455 2272
7457 2271
7459 2270
7461 2269
7463 2268
7465 2267
7467 2266
7469 2265
7471 2264
7473 2263
7475 2262
7477 2261
7479 2260
7481 2259
7483 2258
7485 2257
7487 2256
7489 2255
7491 2254
7493 2253
7495 2252
7497 2251
7499 2250
7501 2249
7503 2248
7505 2247
7507 2246
7509 2245
7511 2244
7513 2243
7515 2242
7517 2241
7519 2240
7521 2239
7523 2238
7525 2237
7527 2236
7529 2235
7531 2234
7533 2233
7535 2232
7537 2231
7539 2230
7541 2229
7543 2228
7545 2227
7547 2226
7549 2225
7551 2224
7553 2223
7555 2222
7557 2221
7559 2220
7561 2219
7563 2218
7565 2217
7567 2216
7569 2215
7571 2214
7573 2213
7575 2212
7577 2211
7579 2210
7581 2209
7583 2208
7585 2207
7587 2206
7589 2205
7591 2204
7593 2203
7595 2202
7597 2201
7599 2200
7601 2199
7603 2198
7605 2197
7607 2196
7609 2195
7611 2194
7613 2193
7615 2192
7617 2191
7619 2190
7621 2189
7623 2188
7625 2187
7627 2186
7629 2185
7631 2184
7633 2183
7635 2182
7637 2181
7639 2180
7641 2179
7643 2178
7645 2177
7647 2176
7649 2175
7651 2174
7653 2173
7655 2172
7657 2171
7659 2170
7661 2169
7663 2168
7665 2167
7667 2166
7669 2165
7671 2164
7673 2163
7675 2162
7677 2161
7679 2160
7681 2159
7683 2158
7685 2157
7687 2156
7689 2155
7691 2154
7693 2153
7695 2152
7697 2151
7699 2150
7701 2149
7703 2148
7705 2147
7707 2146
7709 2145
7711 2144
7713 2143
7715 2142
7717 2141
7719 2140
7721 2139
7723 2138
7725 2137
7727 2136
7729 2135
7731 2134
7733 2133
7735 2132
7737 2131
7739 2130
7741 2129
7743 2128
7745 2127
7747 2126
7749 2125
7751 2124
7753 2123
7755 2122
7757 2121
7759 2120
7761 2119
7763 2118
7765 2117
7767 2116
7769 2115
7771 2114
7773 2113
7775 2112
7777 2111
7779 2110
7781 2109
7783 2108
7785 2107
7787 2106
7789 2105
7791 2104
7793 2103
7795 2102
7797 2101
7799 2100
7801 2099
7803 2098
7805 2097
7807 2096
7809 2095
7811 2094
7813 2093
7815 2092
7817 2091
7819 2090
7821 2089
7823 2088
7825 2087
7827 2086
7829 2085
7831 2084
7833 2083
7835 2082
7837 2081
7839 2080
7841 2079
7843 2078
7845 2077
7847 2076
7849 2075
7851 2074
7853 2073
7855 2072
7857 2071
7859 2070
7861 2069
7863 2068
7865 2067
7867 2066
7869 2065
7871 2064
7873 2063
7875 2062
7877 2061
7879 2060
7881 2059
7883 2058
7885 2057
7887 2056
7889 2055
7891 2054
7893 2053
7895 2052
7897 2051
7899 2050
7901 2049
7903 2048
7905 2047
7907 2046
7909 2045
7911 2044
7913 2043
7915 2042
7917 2041
7919 2040
7921 2039
7923 2038
7925 2037
7927 2036
7929 2035
7931 2034
7933 2033
7935 2032
7937 2031
7939 2030
7941 2029
7943 2028
7945 2027
7947 2026
7949 2025
7951 2024
7953 2023
7955 2022
7957 2021
7959 2020
7961 2019
7963 2018
7965 2017
7967 2016
7969 2015
7971 2014
7973 2013
7975 2012
7977 2011
7979 2010
7981 2009
7983 2008
7985 2007
7987 2006
7989 2005
7991 2004
7993 2003
7995 2002
7997 2001
7999 2000
8001 1999
8003 1998
8005 1997
8007 1996
8009 1995
8011 1994
8013 1993
8015 1992
8017 1991
8019 1990
8021 1989
8023 1988
8025 1987
8027 1986
8029 1985
8031 1984
8033 1983
8035 1982
8037 1981
8039 1980
8041 1979
8043 1978
8045 1977
8047 1976
8049 1975
8051 1974
8053 1973
8055 1972
8057 1971
8059 1970
8061 1969
8063 1968
8065 1967
8067 1966
8069 1965
8071 1964
8073 1963
8075 1962
8077 1961
8079 1960
8081 1959
8083 1958
8085 1957
8087 1956
8089 1955
8091 1954
8093 1953
8095 1952
8097 1951
8099 1950
8101 1949
8103 1948
8105 1947
8107 1946
8109 1945
8111 1944
8113 1943
8115 1942
8117 1941
8119 1940
8121 1939
8123 1938
8125 1937
8127 1936
8129 1935
8131 1934
8133 1933
8135 1932
8137 1931
8139 1930
8141 1929
8143 1928
8145 1927
8147 1926
8149 1925
8151 1924
8153 1923
8155 1922
8157 1921
8159 1920
8161 1919
8163 1918
8165 1917
8167 1916
8169 1915
8171 1914
8173 1913
8175 1912
8177 1911
8179 1910
8181 1909
8183 1908
8185 1907
8187 1906
8189 1905
8191 1904
8193 1903
8195 1902
8197 1901
8199 1900
8201 1899
8203 1898
8205 1897
8207 1896
8209 1895
8211 1894
8213 1893
8215 1892
8217 1891
8219 1890
8221 1889
8223 1888
8225 1887
8227 1886
8229 1885
8231 1884
8233 1883
8235 1882
8237 1881
8239 1880
8241 1879
8243 1878
8245 1877
8247 1876
8249 1875
8251 1874
8253 1873
8255 1872
8257 1871
8259 1870
8261 1869
8263 1868
8265 1867
8267 1866
8269 1865
8271 1864
8273 1863
8275 1862
8277 1861
8279 1860
8281 1859
8283 1858
8285 1857
8287 1856
8289 1855
8291 1854
8293 1853
8295 1852
8297 1851
8299 1850
8301 1849
8303 1848
8305 1847
8307 1846
8309 1845
8311 1844
8313 1843
8315 1842
8317 1841
8319 1840
8321 1839
8323 1838
8325 1837
8327 1836
8329 1835
8331 1834
8333 1833
8335 1832
8337 1831
8339 1830
8341 1829
8343 1828
8345 1827
8347 1826
8349 1825
8351 1824
8353 1823
8355 1822
8357 1821
8359 1820
8361 1819
8363 1818
8365 1817
8367 1816
8369 1815
8371 1814
8373 1813
8375 1812
8377 1811
8379 1810
8381 1809
8383 1808
8385 1807
8387 1806
8389 1805
8391 1804
8393 1803
8395 1802
8397 1801
8399 1800
8401 1799
8403 1798
8405 1797
8407 1796
8409 1795
8411 1794
8413 1793
8415 1792
8417 1791
8419 1790
8421 1789
8423 1788
8425 1787
8427 1786
8429 1785
8431 1784
8433 1783
8435 1782
8437 1781
8439 1780
8441 1779
8443 1778
8445 1777
8447 1776
8449 1775
8451 1774
8453 1773
8455 1772
8457 1771
8459 1770
8461 1769
8463 1768
8465 1767
8467 1766
8469 1765
8471 1764
8473 1763
8475 1762
8477 1761
8479 1760
8481 1759
8483 1758
8485 1757
8487 1756
8489 1755
8491 1754
8493 1753
8495 1752
8497 1751
8499 1750
8501 1749
8503 1748
8505 1747
8507 1746
8509 1745
8511 1744
8513 1743
8515 1742
8517 1741
8519 1740
8521 1739
8523 1738
8525 1737
8527 1736
8529 1735
8531 1734
8533 1733
8535 1732
8537 1731
8539 1730
8541 1729
8543 1728
8545 1727
8547 1726
8549 1725
8551 1724
8553 1723
8555 1722
8557 1721
8559 1720
8561 1719
8563 1718
8565 1717
8567 1716
8569 1715
8571 1714
8573 1713
8575 1712
8577 1711
8579 1710
8581 1709
8583 1708
8585 1707
8587 1706
8589 1705
8591 1704
8593 1703
8595 1702
8597 1701
8599 1700
8601 1699
8603 1698
8605 1697
8607 1696
8609 1695
8611 1694
8613 1693
8615 1692
8617 1691
8619 1690
8621 1689
8623 1688
8625 1687
8627 1686
8629 1685
8631 1684
8633 1683
8635 1682
8637 1681
8639 1680
8641 1679
8643 1678
8645 1677
8647 1676
8649 1675
8651 1674
8653 1673
8655 1672
8657 1671
8659 1670
8661 1669
8663 1668
8665 1667
8667 1666
8669 1665
8671 1664
8673 1663
8675 1662
8677 1661
8679 1660
8681 1659
8683 1658
8685 1657
8687 1656
8689 1655
8691 1654
8693 1653
8695 1652
8697 1651
8699 1650
8701 1649
8703 1648
8705 1647
8707 1646
8709 1645
8711 1644
8713 1643
8715 1642
8717 1641
8719 1640
8721 1639
8723 1638
8725 1637
8727 1636
8729 1635
8731 1634
8733 1633
8735 1632
8737 1631
8739 1630
8741 1629
8743 1628
8745 1627
8747 1626
8749 1625
8751 1624
8753 1623
8755 1622
8757 1621
8759 1620
8761 1619
8763 1618
8765 1617
8767 1616
8769 1615
8771 1614
8773 1613
8775 1612
8777 1611
8779 1610
8781 1609
8783 1608
8785 1607
8787 1606
8789 1605
8791 1604
8793 1603
8795 1602
8797 1601
8799 1600
8801 1599
8803 1598
8805 1597
8807 1596
8809 1595
8811 1594
8813 1593
8815 1592
8817 1591
8819 1590
8821 1589
8823 1588
8825 1587
8827 1586
8829 1585
8831 1584
8833 1583
8835 1582
8837 1581
8839 1580
8841 1579
8843 1578
8845 1577
8847 1576
8849 1575
8851 1574
8853 1573
8855 1572
8857 1571
8859 1570
8861 1569
8863 1568
8865 1567
8867 1566
8869 1565
8871 1564
8873 1563
8875 1562
8877 1561
8879 1560
8881 1559
8883 1558
8885 1557
8887 1556
8889 1555
8891 1554
8893 1553
8895 1552
8897 1551
8899 1550
8901 1549
8903 1548
8905 1547
8907 1546
8909 1545
8911 1544
8913 1543
8915 1542
8917 1541
8919 1540
8921 1539
8923 1538
8925 1537
8927 1536
8929 1535
8931 1534
8933 1533
8935 1532
8937 1531
8939 1530
8941 1529
8943 1528
8945 1527
8947 1526
8949 1525
8951 1524
8953 1523
8955 1522
8957 1521
8959 1520
8961 1519
8963 1518
8965 1517
8967 1516
8969 1515
8971 1514
8973 1513
8975 1512
8977 1511
8979 1510
8981 1509
8983 1508
8985 1507
8987 1506
8989 1505
8991 1504
8993 1503
8995 1502
8997 1501
8999 1500
9001 1499
9003 1498
9005 1497
9007 1496
9009 1495
9011 1494
9013 1493
9015 1492
9017 1491
9019 1490
9021 1489
9023 1488
9025 1487
9027 1486
9029 1485
9031 1484
9033 1483
9035 1482
9037 1481
9039 1480
9041 1479
9043 1478
9045 1477
9047 1476
9049 1475
9051 1474
9053 1473
9055 1472
9057 1471
9059 1470
9061 1469
9063 1468
9065 1467
9067 1466
9069 1465
9071 1464
9073 1463
9075 1462
9077 1461
9079 1460
9081 1459
9083 1458
9085 1457
9087 1456
9089 1455
9091 1454
9093 1453
9095 1452
9097 1451
9099 1450
9101 1449
9103 1448
9105 1447
9107 1446
9109 1445
9111 1444
9113 1443
9115 1442
9117 1441
9119 1440
9121 1439
9123 1438
9125 1437
9127 1436
9129 1435
9131 1434
9133 1433
9135 1432
9137 1431
9139 1430
9141 1429
9143 1428
9145 1427
9147 1426
9149 1425
9151 1424
9153 1423
9155 1422
9157 1421
9159 1420
9161 1419
9163 1418
9165 1417
9167 1416
9169 1415
9171 1414
9173 1413
9175 1412
9177 1411
9179 1410
9181 1409
9183 1408
9185 1407
9187 1406
9189 1405
9191 1404
9193 1403
9195 1402
9197 1401
9199 1400
9201 1399
9203 1398
9205 1397
9207 1396
9209 1395
9211 1394
9213 1393
9215 1392
9217 1391
9219 1390
9221 1389
9223 1388
9225 1387
9227 1386
9229 1385
9231 1384
9233 1383
9235 1382
9237 1381
9239 1380
9241 1379
9243 1378
9245 1377
9247 1376
9249 1375
9251 1374
9253 1373
9255 1372
9257 1371
9259 1370
9261 1369
9263 1368
9265 1367
9267 1366
9269 1365
9271 1364
9273 1363
9275 1362
9277 1361
9279 1360
9281 1359
9283 1358
9285 1357
9287 1356
9289 1355
9291 1354
9293 1353
9295 1352
9297 1351
9299 1350
9301 1349
9303 1348
9305 1347
9307 1346
9309 1345
9311 1344
9313 1343
9315 1342
9317 1341
9319 1340
9321 1339
9323 1338
9325 1337
9327 1336
9329 1335
9331 1334
9333 1333
9335 1332
9337 1331
9339 1330
9341 1329
9343 1328
9345 1327
9347 1326
9349 1325
9351 1324
9353 1323
9355 1322
9357 1321
9359 1320
9361 1319
9363 1318
9365 1317
9367 1316
9369 1315
9371 1314
9373 1313
9375 1312
9377 1311
9379 1310
9381 1309
9383 1308
9385 1307
9387 1306
9389 1305
9391 1304
9393 1303
9395 1302
9397 1301
9399 1300
9401 1299
9403 1298
9405 1297
9407 1296
9409 1295
9411 1294
9413 1293
9415 1292
9417 1291
9419 1290
9421 1289
9423 1288
9425 1287
9427 1286
9429 1285
9431 1284
9433 1283
9435 1282
9437 1281
9439 1280
9441 1279
9443 1278
9445 1277
9447 1276
9449 1275
9451 1274
9453 1273
9455 1272
9457 1271
9459 1270
9461 1269
9463 1268
9465 1267
9467 1266
9469 1265
9471 1264
9473 1263
9475 1262
9477 1261
9479 1260
9481 1259
9483 1258
9485 1257
9487 1256
9489 1255
9491 1254
9493 1253
9495 1252
9497 1251
9499 1250
9501 1249
9503 1248
9505 1247
9507 1246
9509 1245
9511 1244
9513 1243
9515 1242
9517 1241
9519 1240
9521 1239
9523 1238
9525 1237
9527 1236
9529 1235
9531 1234
9533 1233
9535 1232
9537 1231
9539 1230
9541 1229
9543 1228
9545 1227
9547 1226
9549 1225
9551 1224
9553 1223
9555 1222
9557 1221
9559 1220
9561 1219
9563 1218
9565 1217
9567 1216
9569 1215
9571 1214
9573 1213
9575 1212
9577 1211
9579 1210
9581 1209
9583 1208
9585 1207
9587 1206
9589 1205
9591 1204
9593 1203
9595 1202
9597 1201
9599 1200
9601 1199
9603 1198
9605 1197
9607 1196
9609 1195
9611 1194
9613 1193
9615 1192
9617 1191
9619 1190
9621 1189
9623 1188
9625 1187
9627 1186
9629 1185
9631 1184
9633 1183
9635 1182
9637 1181
9639 1180
9641 1179
9643 1178
9645 1177
9647 1176
9649 1175
9651 1174
9653 1173
9655 1172
9657 1171
9659 1170
9661 1169
9663 1168
9665 1167
9667 1166
9669 1165
9671 1164
9673 1163
9675 1162
9677 1161
9679 1160
9681 1159
9683 1158
9685 1157
9687 1156
9689 1155
9691 1154
9693 1153
9695 1152
9697 1151
9699 1150
9701 1149
9703 1148
9705 1147
9707 1146
9709 1145
9711 1144
9713 1143
9715 1142
9717 1141
9719 1140
9721 1139
9723 1138
9725 1137
9727 1136
9729 1135
9731 1134
9733 1133
9735 1132
9737 1131
9739 1130
9741 1129
9743 1128
9745 1127
9747 1126
9749 1125
9751 1124
9753 1123
9755 1122
9757 1121
9759 1120
9761 1119
9763 1118
9765 1117
9767 1116
9769 1115
9771 1114
9773 1113
9775 1112
9777 1111
9779 1110
9781 1109
9783 1108
9785 1107
9787 1106
9789 1105
9791 1104
9793 1103
9795 1102
9797 1101
9799 1100
9801 1099
9803 1098
9805 1097
9807 1096
9809 1095
9811 1094
9813 1093
9815 1092
9817 1091
9819 1090
9821 1089
9823 1088
9825 1087
9827 1086
9829 1085
9831 1084
9833 1083
9835 1082
9837 1081
9839 1080
9841 1079
9843 1078
9845 1077
9847 1076
9849 1075
9851 1074
9853 1073
9855 1072
9857 1071
9859 1070
9861 1069
9863 1068
9865 1067
9867 1066
9869 1065
9871 1064
9873 1063
9875 1062
9877 1061
9879 1060
9881 1059
9883 1058
9885 1057
9887 1056
9889 1055
9891 1054
9893 1053
9895 1052
9897 1051
9899 1050
9901 1049
9903 1048
9905 1047
9907 1046
9909 1045
9911 1044
9913 1043
9915 1042
9917 1041
9919 1040
9921 1039
9923 1038
9925 1037
9927 1036
9929 1035
9931 1034
9933 1033
9935 1032
9937 1031
9939 1030
9941 1029
9943 1028
9945 1027
9947 1026
9949 1025
9951 1024
9953 1023
9955 1022
9957 1021
9959 1020
9961 1019
9963 1018
9965 1017
9967 1016
9969 1015
9971 1014
9973 1013
9975 1012
9977 1011
9979 1010
9981 1009
9983 1008
9985 1007
9987 1006
9989 1005
9991 1004
9993 1003
9995 1002
9997 1001
9999 1000
10001 999
10003 998
10005 997
10007 996
10009 995
10011 994
10013 993
10015 992
10017 991
10019 990
10021 989
10023 988
10025 987
10027 986
10029 985
10031 984
10033 983
10035 982
10037 981
10039 980
10041 979
10043 978
10045 977
10047 976
10049 975
10051 974
10053 973
10055 972
10057 971
10059 970
10061 969
10063 968
10065 967
10067 966
10069 965
10071 964
10073 963
10075 962
10077 961
10079 960
10081 959
10083 958
10085 957
10087 956
10089 955
10091 954
10093 953
10095 952
10097 951
10099 950
10101 949
10103 948
10105 947
10107 946
10109 945
10111 944
10113 943
10115 942
10117 941
10119 940
10121 939
10123 938
10125 937
10127 936
10129 935
10131 934
10133 933
10135 932
10137 931
10139 930
10141 929
10143 928
10145 927
10147 926
10149 925
10151 924
10153 923
10155 922
10157 921
10159 920
10161 919
10163 918
10165 917
10167 916
10169 915
10171 914
10173 913
10175 912
10177 911
10179 910
10181 909
10183 908
10185 907
10187 906
10189 905
10191 904
10193 903
10195 902
10197 901
10199 900
10201 899
10203 898
10205 897
10207 896
10209 895
10211 894
10213 893
10215 892
10217 891
10219 890
10221 889
10223 888
10225 887
10227 886
10229 885
10231 884
10233 883
10235 882
10237 881
10239 880
10241 879
10243 878
10245 877
10247 876
10249 875
10251 874
10253 873
10255 872
10257 871
10259 870
10261 869
10263 868
10265 867
10267 866
10269 865
10271 864
10273 863
10275 862
10277 861
10279 860
10281 859
10283 858
10285 857
10287 856
10289 855
10291 854
10293 853
10295 852
10297 851
10299 850
10301 849
10303 848
10305 847
10307 846
10309 845
10311 844
10313 843
10315 842
10317 841
10319 840
10321 839
10323 838
10325 837
10327 836
10329 835
10331 834
10333 833
10335 832
10337 831
10339 830
10341 829
10343 828
10345 827
10347 826
10349 825
10351 824
10353 823
10355 822
10357 821
10359 820
10361 819
10363 818
10365 817
10367 816
10369 815
10371 814
10373 813
10375 812
10377 811
10379 810
10381 809
10383 808
10385 807
10387 806
10389 805
10391 804
10393 803
10395 802
10397 801
10399 800
10401 799
10403 798
10405 797
10407 796
10409 795
10411 794
10413 793
10415 792
10417 791
10419 790
10421 789
10423 788
10425 787
10427 786
10429 785
10431 784
10433 783
10435 782
10437 781
10439 780
10441 779
10443 778
10445 777
10447 776
10449 775
10451 774
10453 773
10455 772
10457 771
10459 770
10461 769
10463 768
10465 767
10467 766
10469 765
10471 764
10473 763
10475 762
10477 761
10479 760
10481 759
10483 758
10485 757
10487 756
10489 755
10491 754
10493 753
10495 752
10497 751
10499 750
10501 749
10503 748
10505 747
10507 746
10509 745
10511 744
10513 743
10515 742
10517 741
10519 740
10521 739
10523 738
10525 737
10527 736
10529 735
10531 734
10533 733
10535 732
10537 731
10539 730
10541 729
10543 728
10545 727
10547 726
10549 725
10551 724
10553 723
10555 722
10557 721
10559 720
10561 719
10563 718
10565 717
10567 716
10569 715
10571 714
10573 713
10575 712
10577 711
10579 710
10581 709
10583 708
10585 707
10587 706
10589 705
10591 704
10593 703
10595 702
10597 701
10599 700
10601 699
10603 698
10605 697
10607 696
10609 695
10611 694
10613 693
10615 692
10617 691
10619 690
10621 689
10623 688
10625 687
10627 686
10629 685
10631 684
10633 683
10635 682
10637 681
10639 680
10641 679
10643 678
10645 677
10647 676
10649 675
10651 674
10653 673
10655 672
10657 671
10659 670
10661 669
10663 668
10665 667
10667 666
10669 665
10671 664
10673 663
10675 662
10677 661
10679 660
10681 659
10683 658
10685 657
10687 656
10689 655
10691 654
10693 653
10695 652
10697 651
10699 650
10701 649
10703 648
10705 647
10707 646
10709 645
10711 644
10713 643
10715 642
10717 641
10719 640
10721 639
10723 638
10725 637
10727 636
10729 635
10731 634
10733 633
10735 632
10737 631
10739 630
10741 629
10743 628
10745 627
10747 626
10749 625
10751 624
10753 623
10755 622
10757 621
10759 620
10761 619
10763 618
10765 617
10767 616
10769 615
10771 614
10773 613
10775 612
10777 611
10779 610
10781 609
10783 608
10785 607
10787 606
10789 605
10791 604
10793 603
10795 602
10797 601
10799 600
10801 599
10803 598
10805 597
10807 596
10809 595
10811 594
10813 593
10815 592
10817 591
10819 590
10821 589
10823 588
10825 587
10827 586
10829 585
10831 584
10833 583
10835 582
10837 581
10839 580
10841 579
10843 578
10845 577
10847 576
10849 575
10851 574
10853 573
10855 572
10857 571
10859 570
10861 569
10863 568
10865 567
10867 566
10869 565
10871 564
10873 563
10875 562
10877 561
10879 560
10881 559
10883 558
10885 557
10887 556
10889 555
10891 554
10893 553
10895 552
10897 551
10899 550
10901 549
10903 548
10905 547
10907 546
10909 545
10911 544
10913 543
10915 542
10917 541
10919 540
10921 539
10923 538
10925 537
10927 536
10929 535
10931 534
10933 533
10935 532
10937 531
10939 530
10941 529
10943 528
10945 527
10947 526
10949 525
10951 524
10953 523
10955 522
10957 521
10959 520
10961 519
10963 518
10965 517
10967 516
10969 515
10971 514
10973 513
10975 512
10977 511
10979 510
10981 509
10983 508
10985 507
10987 506
10989 505
10991 504
10993 503
10995 502
10997 501
10999 500
11001 499
11003 498
11005 497
11007 496
11009 495
11011 494
11013 493
11015 492
11017 491
11019 490
11021 489
11023 488
11025 487
11027 486
11029 485
11031 484
11033 483
11035 482
11037 481
11039 480
11041 479
11043 478
11045 477
11047 476
11049 475
11051 474
11053 473
11055 472
11057 471
11059 470
11061 469
11063 468
11065 467
11067 466
11069 465
11071 464
11073 463
11075 462
11077 461
11079 460
11081 459
11083 458
11085 457
11087 456
11089 455
11091 454
11093 453
11095 452
11097 451
11099 450
11101 449
11103 448
11105 447
11107 446
11109 445
11111 444
11113 443
11115 442
11117 441
11119 440
11121 439
11123 438
11125 437
11127 436
11129 435
11131 434
11133 433
11135 432
11137 431
11139 430
11141 429
11143 428
11145 427
11147 426
11149 425
11151 424
11153 423
11155 422
11157 421
11159 420
11161 419
11163 418
11165 417
11167 416
11169 415
11171 414
11173 413
11175 412
11177 411
11179 410
11181 409
11183 408
11185 407
11187 406
11189 405
11191 404
11193 403
11195 402
11197 401
11199 400
11201 399
11203 398
11205 397
11207 396
11209 395
11211 394
11213 393
11215 392
11217 391
11219 390
11221 389
11223 388
11225 387
11227 386
11229 385
11231 384
11233 383
11235 382
11237 381
11239 380
11241 379
11243 378
11245 377
11247 376
11249 375
11251 374
11253 373
11255 372
11257 371
11259 370
11261 369
11263 368
11265 367
11267 366
11269 365
11271 364
11273 363
11275 362
11277 361
11279 360
11281 359
11283 358
11285 357
11287 356
11289 355
11291 354
11293 353
11295 352
11297 351
11299 350
11301 349
11303 348
11305 347
11307 346
11309 345
11311 344
11313 343
11315 342
11317 341
11319 340
11321 339
11323 338
11325 337
11327 336
11329 335
11331 334
11333 333
11335 332
11337 331
11339 330
11341 329
11343 328
11345 327
11347 326
11349 325
11351 324
11353 323
11355 322
11357 321
11359 320
11361 319
11363 318
11365 317
11367 316
11369 315
11371 314
11373 313
11375 312
11377 311
11379 310
11381 309
11383 308
11385 307
11387 306
11389 305
11391 304
11393 303
11395 302
11397 301
11399 300
11401 299
11403 298
11405 297
11407 296
11409 295
11411 294
11413 293
11415 292
11417 291
11419 290
11421 289
11423 288
11425 287
11427 286
11429 285
11431 284
11433 283
11435 282
11437 281
11439 280
11441 279
11443 278
11445 277
11447 276
11449 275
11451 274
11453 273
11455 272
11457 271
11459 270
11461 269
11463 268
11465 267
11467 266
11469 265
11471 264
11473 263
11475 262
11477 261
11479 260
11481 259
11483 258
11485 257
11487 256
11489 255
11491 254
11493 253
11495 252
11497 251
11499 250
11501 249
11503 248
11505 247
11507 246
11509 245
11511 244
11513 243
11515 242
11517 241
11519 240
11521 239
11523 238
11525 237
11527 236
11529 235
11531 234
11533 233
11535 232
11537 231
11539 230
11541 229
11543 228
11545 227
11547 226
11549 225
11551 224
11553 223
11555 222
11557 221
11559 220
11561 219
11563 218
11565 217
11567 216
11569 215
11571 214
11573 213
11575 212
11577 211
11579 210
11581 209
11583 208
11585 207
11587 206
11589 205
11591 204
11593 203
11595 202
11597 201
11599 200
11601 199
11603 198
11605 197
11607 196
11609 195
11611 194
11613 193
11615 192
11617 191
11619 190
11621 189
11623 188
11625 187
11627 186
11629 185
11631 184
11633 183
11635 182
11637 181
11639 180
11641 179
11643 178
11645 177
11647 176
11649 175
11651 174
11653 173
11655 172
11657 171
11659 170
11661 169
11663 168
11665 167
11667 166
11669 165
11671 164
11673 163
11675 162
11677 161
11679 160
11681 159
11683 158
11685 157
11687 156
11689 155
11691 154
11693 153
11695 152
11697 151
11699 150
11701 149
11703 148
11705 147
11707 146
11709 145
11711 144
11713 143
11715 142
11717 141
11719 140
11721 139
11723 138
11725 137
11727 136
11729 135
11731 134
11733 133
11735 132
11737 131
11739 130
11741 129
11743 128
11745 127
11747 126
11749 125
11751 124
11753 123
11755 122
11757 121
11759 120
11761 119
11763 118
11765 117
11767 116
11769 115
11771 114
11773 113
11775 112
11777 111
11779 110
11781 109
11783 108
11785 107
11787 106
11789 105
11791 104
11793 103
11795 102
11797 101
11799 100
11801 99
11803 98
11805 97
11807 96
11809 95
11811 94
11813 93
11815 92
11817 91
11819 90
11821 89
11823 88
11825 87
11827 86
11829 85
11831 84
11833 83
11835 82
11837 81
11839 80
11841 79
11843 78
11845 77
11847 76
11849 75
11851 74
11853 73
11855 72
11857 71
11859 70
11861 69
11863 68
11865 67
11867 66
11869 65
11871 64
11873 63
11875 62
11877 61
11879 60
11881 59
11883 58
11885 57
11887 56
11889 55
11891 54
11893 53
11895 52
11897 51
11899 50
11901 49
11903 48
11905 47
11907 46
11909 45
11911 44
11913 43
11915 42
11917 41
11919 40
11921 39
11923 38
11925 37
11927 36
11929 35
11931 34
11933 33
11935 32
11937 31
11939 30
11941 29
11943 28
11945 27
11947 26
11949 25
11951 24
11953 23
11955 22
11957 21
11959 20
11961 19
11963 18
11965 17
11967 16
11969 15
11971 14
11973 13
11975 12
11977 11
11979 10
11981 9
11983 8
11985 7
11987 6
11989 5
11991 4
11993 3
11995 2
11997 1
11999 0
