6000
1 599988
2 599973
4 599959
6 599946
8 599927
11 599908
12 599896
13 599881
14 599863
16 599849
17 599833
20 599819
22 599809
23 599790
24 599778
25 599765
27 599747
30 599737
32 599718
33 599699
36 599689
39 599672
40 599656
43 599638
46 599618
48 599601
49 599587
51 599576
54 599561
55 599546
57 599528
59 599514
60 599500
63 599487
65 599476
67 599462
70 599445
72 599431
73 599411
76 599399
77 599379
80 599368
83 599356
86 599337
88 599320
89 599310
92 599299
93 599280
96 599260
98 599245
100 599231
102 599211
103 599191
104 599179
105 599169
106 599149
108 599137
109 599125
111 599109
112 599098
113 599079
116 599061
119 599049
120 599029
122 599011
124 598993
126 598982
127 598972
130 598961
131 598943
133 598929
136 598911
139 598898
140 598883
143 598873
145 598862
146 598844
148 598832
151 598815
154 598800
155 598781
157 598766
159 598752
161 598738
164 598722
167 598711
168 598693
169 598675
172 598658
174 598646
177 598636
178 598621
180 598611
183 598598
185 598584
186 598571
188 598555
189 598541
192 598531
195 598519
198 598505
201 598486
203 598473
205 598460
206 598441
207 598423
210 598410
213 598397
214 598381
216 598368
219 598355
221 598342
223 598332
224 598318
226 598299
228 598282
229 598264
232 598247
235 598233
238 598215
240 598203
241 598184
244 598170
246 598152
249 598135
250 598119
252 598101
253 598081
255 598069
257 598055
260 598045
263 598030
266 598010
267 597993
270 597975
271 597956
274 597938
275 597921
276 597904
277 597886
279 597874
282 597861
284 597843
285 597829
286 597819
289 597800
290 597781
292 597764
293 597745
295 597726
297 597714
299 597698
301 597679
302 597665
304 597646
306 597634
307 597616
310 597596
311 597579
312 597569
313 597553
315 597533
318 597523
320 597508
323 597493
326 597477
327 597461
330 597444
331 597424
333 597406
335 597395
337 597382
340 597371
343 597359
346 597349
347 597338
348 597325
351 597313
353 597294
354 597276
357 597260
359 597250
361 597231
364 597218
366 597198
369 597178
371 597166
372 597151
373 597140
375 597130
377 597114
380 597094
383 597081
386 597070
388 597053
389 597042
391 597022
393 597002
396 596989
397 596971
400 596956
403 596946
406 596926
407 596909
409 596899
410 596883
413 596870
415 596857
416 596842
418 596826
419 596812
422 596798
424 596785
425 596769
426 596754
427 596744
430 596726
431 596707
432 596690
433 596680
436 596669
438 596653
439 596642
441 596625
443 596605
444 596587
447 596571
450 596556
453 596542
454 596532
457 596521
458 596511
460 596500
463 596482
466 596463
467 596448
468 596433
471 596416
473 596402
475 596388
476 596371
479 596352
480 596342
482 596330
484 596320
486 596307
489 596287
491 596271
492 596258
493 596246
496 596235
498 596218
500 596207
503 596194
504 596182
505 596163
507 596144
510 596133
513 596123
516 596112
518 596102
520 596090
521 596078
523 596058
524 596041
526 596030
529 596014
531 596000
532 595987
535 595968
536 595952
538 595936
541 595917
542 595902
544 595890
546 595873
547 595863
549 595850
552 595839
553 595824
555 595811
556 595793
559 595777
560 595766
562 595749
564 595729
566 595713
569 595695
572 595683
573 595673
575 595656
578 595642
581 595623
583 595607
584 595588
585 595576
588 595563
590 595545
591 595531
592 595511
595 595493
596 595478
597 595467
599 595452
602 595440
604 595423
607 595409
610 595393
611 595379
612 595362
615 595350
618 595339
619 595329
621 595312
622 595292
624 595272
625 595262
626 595247
628 595230
629 595220
630 595200
632 595184
634 595167
635 595147
637 595134
640 595124
641 595111
642 595092
645 595078
646 595063
649 595051
652 595033
653 595020
654 595007
656 594989
658 594973
659 594956
662 594937
663 594923
666 594913
668 594897
671 594880
674 594870
675 594854
678 594844
680 594833
683 594817
686 594799
687 594786
688 594775
691 594759
693 594739
695 594728
698 594715
700 594702
702 594689
705 594678
707 594660
708 594640
711 594626
714 594613
715 594595
718 594582
719 594566
720 594548
723 594530
724 594520
727 594509
730 594494
733 594482
735 594466
736 594447
737 594434
739 594414
740 594398
741 594381
742 594368
743 594353
746 594333
749 594313
751 594302
754 594286
755 594267
758 594256
760 594239
761 594229
763 594211
766 594193
768 594181
771 594171
772 594160
775 594144
778 594131
779 594114
782 594096
785 594076
787 594056
788 594039
791 594025
793 594006
796 593986
799 593976
800 593965
803 593953
806 593941
809 593929
812 593910
815 593894
816 593877
818 593864
821 593847
822 593834
823 593817
825 593797
826 593778
828 593760
829 593750
831 593733
833 593723
834 593705
836 593693
839 593674
840 593659
843 593648
846 593628
848 593618
851 593600
852 593583
854 593567
857 593555
859 593541
861 593524
864 593510
865 593492
868 593472
870 593457
871 593439
872 593420
874 593406
875 593388
877 593368
880 593351
881 593339
884 593327
885 593314
888 593301
889 593281
891 593267
892 593250
894 593239
896 593227
899 593214
902 593201
903 593186
906 593176
908 593159
909 593142
912 593122
915 593107
918 593091
921 593074
922 593054
923 593037
925 593017
927 593006
930 592995
932 592981
933 592968
934 592954
935 592941
938 592921
940 592903
941 592888
942 592868
945 592850
946 592838
948 592824
949 592813
952 592796
953 592782
955 592764
958 592749
961 592734
962 592714
965 592696
966 592682
967 592666
970 592649
972 592630
975 592619
976 592603
979 592586
981 592574
982 592561
985 592541
986 592530
987 592517
988 592503
989 592486
992 592475
994 592462
997 592442
1000 592430
1001 592412
1003 592397
1006 592384
1008 592372
1011 592357
1014 592341
1016 592324
1018 592308
1021 592295
1023 592276
1026 592258
1027 592248
1028 592230
1031 592218
1033 592205
1035 592186
1037 592169
1040 592155
1043 592145
1045 592129
1048 592119
1049 592102
1052 592082
1054 592065
1056 592050
1058 592033
1059 592016
1062 591996
1063 591984
1065 591973
1068 591957
1071 591942
1072 591928
1074 591908
1077 591896
1080 591879
1081 591866
1082 591855
1083 591839
1084 591823
1085 591813
1088 591798
1091 591782
1093 591771
1096 591757
1098 591747
1100 591736
1103 591723
1106 591706
1109 591693
1110 591673
1113 591663
1116 591652
1119 591642
1122 591629
1124 591609
1126 591590
1129 591571
1131 591560
1133 591544
1134 591532
1136 591521
1139 591501
1140 591483
1143 591473
1145 591457
1146 591437
1148 591421
1151 591409
1153 591393
1154 591377
1157 591366
1160 591348
1163 591335
1166 591322
1169 591309
1170 591299
1173 591279
1176 591264
1177 591249
1178 591232
1181 591214
1184 591195
1187 591183
1188 591165
1191 591145
1192 591132
1195 591119
1198 591109
1200 591099
1202 591087
1204 591072
1205 591052
1207 591034
1208 591023
1210 591004
1211 590991
1212 590977
1215 590963
1217 590947
1220 590929
1221 590919
1223 590909
1225 590889
1228 590871
1229 590852
1231 590832
1232 590816
1235 590797
1237 590779
1239 590768
1240 590758
1242 590745
1245 590735
1246 590720
1249 590701
1250 590684
1251 590665
1254 590645
1256 590633
1258 590621
1259 590605
1261 590585
1264 590571
1267 590554
1270 590540
1272 590525
1275 590511
1276 590497
1278 590481
1281 590463
1284 590453
1285 590436
1288 590420
1291 590410
1292 590391
1294 590374
1296 590364
1299 590344
1301 590325
1304 590309
1307 590295
1310 590278
1312 590258
1314 590240
1317 590228
1319 590216
1321 590197
1323 590181
1324 590166
1326 590151
1327 590136
1330 590116
1333 590104
1335 590086
1338 590069
1340 590056
1341 590039
1344 590026
1345 590006
1347 589993
1348 589978
1349 589961
1352 589950
1354 589930
1355 589919
1358 589900
1360 589884
1363 589869
1365 589849
1368 589829
1369 589817
1370 589798
1372 589782
1373 589765
1375 589746
1378 589734
1380 589719
1381 589707
1382 589695
1383 589681
1386 589662
1388 589649
1390 589631
1391 589616
1392 589597
1393 589579
1395 589566
1396 589548
1397 589538
1400 589521
1401 589511
1402 589495
1403 589481
1404 589463
1407 589445
1410 589430
1411 589413
1414 589398
1416 589383
1418 589371
1419 589355
1422 589341
1424 589331
1426 589312
1427 589292
1428 589280
1430 589268
1432 589250
1433 589237
1435 589227
1438 589207
1440 589191
1442 589175
1445 589159
1448 589149
1450 589131
1453 589118
1454 589102
1455 589083
1456 589068
1458 589049
1459 589035
1461 589020
1462 589003
1463 588986
1465 588969
1467 588950
1468 588932
1471 588912
1474 588901
1475 588884
1476 588873
1477 588862
1480 588846
1482 588835
1483 588818
1484 588798
1487 588785
1490 588770
1491 588760
1494 588743
1497 588730
1500 588716
1501 588704
1502 588685
1503 588670
1505 588653
1507 588640
1509 588629
1511 588617
1512 588603
1515 588592
1517 588581
1518 588569
1521 588555
1523 588539
1524 588520
1525 588510
1526 588500
1529 588487
1530 588474
1532 588460
1533 588443
1534 588432
1535 588421
1536 588406
1539 588395
1542 588376
1544 588358
1545 588338
1547 588326
1549 588313
1550 588295
1552 588278
1555 588263
1557 588245
1559 588226
1560 588216
1562 588201
1564 588185
1566 588167
1568 588153
1570 588139
1573 588120
1576 588110
1578 588096
1581 588077
1582 588064
1585 588044
1587 588030
1589 588012
1591 588002
1594 587983
1597 587970
1598 587958
1601 587946
1603 587936
1606 587923
1609 587904
1611 587892
1613 587872
1614 587861
1616 587847
1617 587832
1620 587812
1623 587794
1625 587776
1628 587756
1629 587740
1631 587721
1633 587711
1634 587700
1637 587686
1638 587674
1639 587658
1640 587644
1642 587627
1644 587610
1645 587594
1647 587584
1648 587574
1650 587561
1652 587551
1653 587540
1655 587526
1657 587510
1658 587498
1660 587488
1663 587469
1665 587455
1668 587438
1671 587419
1672 587400
1673 587380
1674 587363
1675 587346
1676 587332
1679 587321
1680 587310
1682 587300
1683 587284
1685 587274
1688 587261
1689 587242
1690 587230
1693 587215
1694 587199
1697 587182
1698 587168
1701 587156
1703 587137
1705 587123
1706 587105
1709 587093
1711 587079
1713 587068
1714 587053
1715 587034
1718 587022
1719 587002
1720 586990
1722 586971
1723 586955
1724 586945
1726 586925
1729 586911
1731 586899
1732 586882
1734 586869
1736 586851
1739 586831
1740 586819
1741 586806
1743 586793
1744 586774
1747 586760
1748 586744
1750 586727
1753 586714
1755 586695
1756 586684
1759 586672
1761 586653
1763 586634
1766 586618
1769 586604
1772 586585
1774 586574
1775 586554
1778 586538
1781 586524
1783 586504
1784 586485
1786 586467
1788 586453
1791 586434
1793 586420
1795 586401
1798 586391
1800 586374
1802 586355
1804 586340
1807 586324
1808 586310
1811 586294
1814 586281
1816 586262
1818 586250
1821 586231
1823 586217
1826 586204
1829 586193
1831 586175
1834 586162
1837 586151
1838 586132
1841 586122
1844 586109
1847 586096
1848 586084
1851 586065
1852 586051
1854 586033
1856 586018
1857 586007
1860 585989
1861 585979
1864 585965
1865 585946
1866 585931
1869 585912
1872 585893
1875 585883
1877 585865
1880 585854
1882 585844
1883 585833
1884 585815
1885 585796
1886 585784
1889 585774
1892 585754
1895 585741
1897 585725
1900 585705
1901 585685
1903 585669
1904 585658
1907 585648
1910 585632
1911 585613
1914 585598
1917 585579
1919 585561
1920 585551
1922 585540
1923 585527
1924 585509
1927 585497
1930 585483
1932 585470
1935 585458
1938 585447
1940 585428
1943 585417
1945 585406
1946 585392
1947 585375
1948 585355
1950 585339
1951 585323
1954 585308
1957 585293
1958 585276
1961 585266
1962 585253
1965 585237
1968 585219
1971 585206
1972 585194
1973 585179
1974 585164
1975 585145
1978 585130
1981 585113
1982 585096
1983 585076
1985 585058
1986 585042
1988 585030
1989 585018
1992 585004
1995 584990
1998 584973
2000 584955
2001 584940
2004 584923
2006 584907
2007 584891
2010 584881
2011 584862
2014 584842
2015 584832
2017 584814
2018 584797
2021 584786
2024 584773
2026 584761
2027 584743
2030 584728
2033 584717
2035 584698
2037 584684
2040 584668
2041 584658
2043 584647
2044 584634
2046 584621
2047 584605
2050 584589
2053 584579
2055 584569
2056 584557
2059 584540
2062 584525
2065 584514
2068 584504
2070 584489
2073 584470
2074 584453
2076 584434
2078 584423
2081 584405
2083 584393
2086 584376
2088 584357
2091 584347
2093 584327
2095 584308
2096 584292
2098 584277
2099 584258
2101 584246
2104 584230
2105 584219
2106 584208
2107 584190
2109 584176
2111 584160
2114 584149
2116 584133
2119 584121
2122 584111
2125 584101
2127 584088
2128 584078
2131 584061
2132 584042
2133 584026
2136 584007
2138 583992
2139 583977
2142 583961
2145 583943
2146 583932
2149 583921
2151 583908
2152 583892
2154 583874
2157 583858
2158 583844
2160 583831
2161 583815
2164 583801
2166 583791
2169 583772
2171 583761
2173 583745
2176 583734
2178 583716
2181 583704
2182 583684
2183 583665
2186 583645
2187 583630
2188 583616
2191 583603
2194 583590
2197 583572
2200 583560
2201 583548
2202 583537
2205 583518
2208 583506
2209 583491
2212 583476
2214 583465
2216 583454
2219 583437
2222 583422
2225 583403
2228 583388
2231 583375
2233 583362
2235 583343
2238 583329
2241 583317
2243 583298
2245 583287
2246 583275
2249 583255
2251 583244
2253 583227
2256 583215
2259 583198
2261 583180
2263 583167
2264 583154
2266 583135
2269 583125
2270 583111
2273 583100
2274 583089
2275 583073
2276 583057
2277 583041
2278 583023
2281 583010
2282 582992
2285 582976
2286 582965
2289 582948
2290 582936
2293 582926
2295 582916
2296 582896
2297 582876
2300 582863
2303 582843
2306 582832
2307 582819
2309 582801
2310 582782
2311 582768
2312 582753
2314 582738
2317 582721
2320 582703
2321 582687
2323 582674
2324 582655
2325 582642
2326 582627
2328 582613
2331 582602
2332 582585
2335 582575
2336 582555
2338 582540
2340 582528
2341 582515
2344 582498
2346 582488
2349 582470
2350 582451
2351 582439
2353 582424
2356 582404
2358 582390
2361 582376
2363 582360
2366 582341
2367 582327
2368 582313
2371 582295
2373 582275
2375 582260
2378 582245
2381 582232
2383 582219
2384 582200
2386 582189
2387 582169
2390 582157
2392 582139
2395 582126
2397 582110
2399 582098
2401 582082
2403 582071
2406 582051
2407 582032
2410 582020
2413 582008
2414 581993
2416 581975
2417 581964
2419 581944
2422 581933
2425 581914
2427 581902
2428 581890
2431 581873
2432 581862
2435 581848
2437 581835
2438 581821
2440 581807
2442 581794
2443 581774
2445 581758
2446 581742
2448 581728
2449 581710
2451 581694
2453 581676
2454 581659
2455 581647
2458 581633
2459 581615
2461 581596
2463 581583
2465 581566
2467 581547
2468 581534
2469 581521
2470 581509
2473 581491
2475 581474
2476 581456
2477 581442
2479 581426
2482 581408
2485 581397
2487 581377
2488 581367
2491 581352
2493 581342
2495 581328
2496 581312
2497 581295
2499 581277
2500 581267
2501 581254
2504 581236
2507 581220
2509 581200
2512 581184
2515 581168
2516 581156
2517 581145
2518 581132
2520 581112
2522 581095
2523 581078
2526 581062
2529 581046
2530 581029
2531 581017
2532 581001
2534 580988
2537 580977
2539 580964
2542 580954
2544 580937
2546 580917
2548 580898
2549 580887
2552 580876
2555 580860
2557 580849
2560 580833
2562 580813
2564 580802
2567 580787
2568 580774
2570 580758
2571 580738
2572 580725
2573 580708
2576 580694
2577 580679
2579 580661
2581 580642
2584 580623
2585 580611
2588 580599
2591 580584
2594 580571
2595 580552
2597 580535
2599 580524
2601 580512
2604 580502
2606 580486
2607 580476
2609 580460
2610 580441
2611 580430
2613 580418
2615 580401
2616 580382
2618 580364
2619 580347
2622 580327
2623 580312
2626 580300
2629 580286
2630 580266
2633 580246
2634 580231
2637 580217
2640 580204
2641 580184
2644 580169
2647 580156
2648 580141
2649 580122
2652 580105
2654 580091
2656 580071
2658 580053
2661 580042
2664 580025
2666 580006
2669 579996
2671 579982
2674 579964
2675 579944
2678 579926
2679 579906
2680 579892
2681 579873
2684 579861
2687 579850
2689 579832
2690 579816
2691 579802
2693 579787
2695 579767
2696 579750
2699 579735
2702 579719
2704 579709
2707 579694
2710 579678
2712 579664
2714 579650
2716 579635
2717 579617
2720 579599
2722 579583
2725 579568
2728 579552
2731 579541
2734 579521
2736 579501
2738 579485
2741 579472
2744 579459
2746 579448
2749 579437
2750 579421
2753 579407
2755 579387
2758 579367
2759 579355
2760 579339
2762 579325
2765 579315
2766 579304
2768 579286
2769 579274
2772 579254
2775 579236
2778 579224
2780 579204
2781 579194
2783 579179
2785 579167
2788 579157
2789 579147
2790 579130
2793 579120
2795 579106
2796 579089
2797 579071
2798 579058
2801 579047
2803 579029
2804 579019
2806 579005
2809 578987
2812 578976
2813 578964
2814 578953
2816 578941
2817 578927
2818 578915
2820 578899
2821 578889
2822 578876
2823 578856
2825 578843
2828 578831
2830 578818
2831 578805
2834 578787
2836 578770
2839 578760
2840 578740
2842 578722
2843 578711
2846 578699
2847 578681
2848 578668
2851 578649
2853 578633
2854 578613
2857 578593
2860 578579
2863 578568
2866 578557
2869 578537
2871 578518
2874 578502
2877 578484
2878 578468
2879 578455
2882 578444
2884 578424
2886 578410
2889 578399
2891 578383
2894 578366
2896 578353
2898 578343
2900 578333
2902 578317
2905 578303
2906 578283
2908 578269
2911 578251
2912 578236
2913 578216
2915 578200
2916 578190
2919 578180
2922 578167
2925 578148
2927 578132
2929 578120
2931 578104
2933 578086
2935 578076
2937 578059
2938 578044
2940 578027
2943 578016
2945 578003
2948 577989
2951 577977
2953 577961
2956 577945
2958 577931
2960 577921
2962 577910
2964 577900
2965 577883
2968 577863
2970 577848
2972 577836
2973 577826
2975 577806
2977 577786
2979 577767
2981 577753
2984 577738
2987 577719
2989 577709
2991 577690
2992 577677
2993 577661
2996 577645
2997 577627
2998 577616
3000 577604
3001 577589
3002 577577
3004 577566
3006 577547
3008 577530
3009 577511
3010 577494
3013 577475
3015 577462
3018 577444
3019 577430
3021 577420
3022 577403
3025 577386
3028 577366
3030 577349
3031 577331
3032 577317
3035 577303
3037 577293
3039 577283
3040 577264
3043 577254
3046 577237
3047 577217
3049 577204
3051 577191
3052 577174
3053 577154
3054 577135
3057 577122
3059 577108
3060 577097
3061 577086
3064 577073
3066 577060
3068 577043
3069 577028
3072 577015
3074 576995
3077 576982
3078 576966
3080 576953
3082 576933
3085 576913
3087 576903
3089 576889
3092 576876
3093 576856
3094 576836
3096 576816
3097 576799
3100 576779
3103 576769
3104 576754
3105 576742
3106 576730
3108 576714
3111 576702
3114 576688
3116 576670
3119 576651
3122 576634
3123 576617
3125 576602
3126 576582
3129 576572
3132 576554
3135 576543
3136 576530
3137 576515
3139 576499
3141 576483
3143 576473
3146 576459
3149 576446
3150 576430
3152 576420
3154 576410
3155 576396
3157 576385
3160 576372
3163 576352
3164 576334
3166 576314
3168 576297
3170 576281
3172 576270
3175 576259
3178 576243
3181 576227
3184 576212
3186 576195
3187 576178
3189 576168
3191 576150
3193 576132
3196 576120
3199 576100
3200 576089
3201 576069
3204 576057
3205 576040
3207 576027
3209 576008
3212 575988
3213 575971
3214 575957
3217 575943
3219 575925
3220 575914
3223 575896
3225 575879
3228 575863
3231 575843
3234 575831
3236 575816
3237 575796
3239 575786
3242 575769
3244 575753
3246 575741
3247 575723
3250 575703
3252 575693
3254 575680
3256 575665
3259 575647
3260 575634
3261 575620
3264 575605
3267 575592
3270 575576
3271 575561
3274 575541
3277 575522
3278 575505
3281 575486
3284 575470
3286 575453
3288 575439
3291 575420
3293 575404
3296 575392
3298 575380
3300 575362
3302 575349
3305 575338
3307 575319
3309 575301
3311 575281
3313 575270
3315 575259
3317 575241
3320 575229
3322 575217
3325 575203
3326 575187
3329 575168
3332 575154
3334 575141
3337 575131
3338 575112
3339 575096
3342 575086
3344 575071
3346 575058
3347 575044
3349 575025
3352 575005
3355 574986
3358 574967
3360 574951
3362 574934
3363 574924
3365 574910
3366 574894
3367 574879
3368 574859
3371 574839
3373 574825
3375 574815
3378 574802
3379 574785
3382 574770
3385 574758
3386 574747
3389 574735
3392 574724
3393 574711
3396 574697
3399 574684
3402 574669
3404 574659
3405 574647
3407 574628
3409 574616
3412 574603
3414 574592
3417 574576
3420 574558
3421 574543
3423 574529
3426 574519
3427 574507
3429 574492
3432 574479
3433 574459
3435 574442
3438 574422
3441 574410
3442 574393
3444 574377
3447 574357
3450 574342
3451 574323
3454 574306
3455 574289
3456 574275
3459 574262
3462 574248
3464 574233
3467 574215
3468 574198
3470 574188
3472 574173
3473 574163
3476 574153
3479 574139
3482 574123
3483 574112
3485 574097
3486 574086
3489 574070
3491 574056
3493 574036
3494 574026
3496 574008
3497 573991
3499 573974
3502 573960
3503 573942
3505 573930
3507 573918
3509 573902
3511 573885
3514 573875
3517 573857
3518 573840
3520 573824
3521 573808
3522 573797
3523 573787
3526 573770
3529 573753
3532 573742
3534 573729
3536 573716
3538 573697
3539 573686
3542 573672
3543 573654
3545 573636
3548 573623
3549 573612
3551 573598
3554 573579
3556 573566
3558 573550
3560 573536
3561 573522
3564 573508
3565 573492
3568 573480
3570 573461
3573 573448
3574 573436
3576 573421
3577 573403
3580 573393
3582 573382
3584 573366
3587 573354
3589 573336
3590 573317
3591 573300
3593 573282
3595 573269
3596 573259
3599 573245
3602 573233
3604 573216
3606 573204
3609 573187
3610 573176
3611 573158
3613 573141
3616 573128
3619 573116
3622 573104
3624 573087
3627 573076
3628 573061
3630 573046
3633 573027
3635 573015
3637 572999
3638 572989
3641 572969
3644 572954
3645 572944
3647 572929
3649 572916
3650 572896
3652 572879
3653 572862
3655 572844
3656 572824
3659 572805
3660 572791
3662 572775
3664 572759
3666 572740
3667 572722
3670 572708
3673 572688
3674 572672
3675 572654
3676 572643
3678 572626
3680 572613
3683 572601
3684 572588
3687 572577
3688 572561
3690 572550
3693 572531
3695 572511
3697 572498
3700 572486
3702 572470
3703 572458
3705 572445
3706 572431
3708 572412
3711 572394
3714 572381
3715 572362
3718 572350
3720 572330
3723 572311
3725 572299
3728 572280
3729 572264
3731 572252
3734 572232
3737 572220
3740 572206
3741 572193
3742 572178
3744 572159
3745 572139
3748 572119
3751 572102
3754 572092
3756 572076
3758 572064
3759 572049
3762 572039
3764 572027
3767 572016
3768 572002
3770 571991
3773 571975
3775 571963
3776 571953
3779 571941
3781 571921
3782 571907
3785 571892
3786 571878
3788 571862
3789 571848
3792 571829
3795 571818
3796 571799
3799 571785
3800 571771
3803 571760
3804 571740
3806 571729
3809 571718
3811 571703
3813 571684
3816 571672
3818 571658
3820 571642
3823 571627
3825 571613
3826 571601
3827 571585
3828 571569
3831 571549
3832 571535
3833 571515
3834 571500
3836 571480
3839 571464
3841 571446
3842 571430
3844 571411
3845 571401
3846 571381
3849 571362
3850 571346
3853 571330
3854 571319
3857 571308
3858 571297
3859 571287
3862 571274
3865 571262
3868 571252
3869 571232
3871 571217
3873 571203
3874 571193
3875 571177
3876 571158
3879 571145
3880 571130
3882 571117
3885 571099
3888 571084
3889 571067
3891 571047
3892 571030
3894 571018
3896 571003
3898 570989
3900 570970
3903 570955
3906 570945
3907 570935
3909 570916
3911 570903
3914 570887
3916 570870
3918 570853
3920 570833
3921 570819
3922 570808
3923 570788
3924 570768
3926 570758
3929 570746
3931 570726
3932 570706
3934 570688
3936 570672
3939 570658
3940 570645
3941 570632
3942 570617
3944 570599
3946 570580
3949 570565
3952 570551
3955 570541
3958 570530
3960 570514
3963 570494
3964 570478
3967 570464
3970 570451
3971 570438
3973 570427
3974 570411
3976 570398
3978 570388
3981 570375
3982 570361
3984 570343
3986 570324
3987 570312
3988 570295
3989 570276
3992 570258
3993 570239
3994 570220
3996 570201
3999 570184
4000 570166
4001 570150
4004 570136
4005 570126
4006 570107
4008 570095
4009 570081
4011 570062
4012 570045
4014 570026
4017 570015
4018 570002
4021 569990
4024 569974
4026 569955
4027 569936
4030 569924
4032 569911
4034 569895
4036 569885
4038 569874
4039 569860
4042 569841
4044 569826
4045 569813
4046 569801
4049 569781
4052 569761
4055 569742
4058 569723
4059 569703
4061 569683
4063 569668
4064 569648
4067 569628
4068 569608
4070 569589
4071 569579
4073 569559
4075 569546
4076 569532
4079 569513
4081 569498
4084 569481
4087 569466
4090 569451
4091 569439
4094 569420
4097 569400
4098 569386
4101 569370
4104 569356
4106 569346
4108 569328
4109 569315
4112 569300
4114 569281
4117 569271
4120 569260
4122 569250
4125 569236
4126 569218
4128 569204
4129 569184
4132 569168
4135 569156
4136 569139
4138 569123
4139 569104
4140 569086
4142 569069
4145 569054
4146 569039
4148 569021
4149 569002
4150 568989
4151 568975
4153 568955
4156 568938
4158 568921
4160 568903
4163 568884
4164 568864
4165 568851
4167 568839
4170 568820
4173 568800
4175 568789
4176 568777
4179 568762
4181 568748
4182 568732
4185 568715
4188 568698
4191 568686
4193 568667
4196 568647
4197 568637
4200 568625
4202 568615
4203 568602
4204 568587
4207 568574
4208 568556
4209 568537
4212 568518
4213 568505
4216 568495
4217 568475
4220 568465
4223 568448
4226 568432
4229 568416
4232 568397
4233 568383
4234 568370
4235 568359
4237 568340
4238 568329
4241 568311
4243 568297
4245 568286
4248 568275
4249 568260
4252 568245
4255 568235
4257 568223
4258 568208
4260 568196
4261 568182
4264 568162
4265 568143
4267 568123
4269 568113
4270 568095
4271 568083
4273 568065
4274 568050
4277 568032
4278 568017
4279 568005
4282 567991
4283 567979
4284 567962
4287 567942
4289 567925
4290 567912
4291 567900
4294 567882
4296 567864
4299 567849
4302 567837
4305 567823
4308 567810
4311 567796
4313 567783
4314 567768
4316 567749
4317 567734
4320 567723
4323 567710
4326 567691
4328 567675
4329 567664
4331 567652
4332 567637
4334 567626
4337 567608
4339 567589
4340 567569
4343 567554
4346 567541
4348 567526
4350 567514
4353 567503
4354 567487
4356 567475
4357 567461
4360 567448
4361 567434
4364 567418
4366 567408
4369 567390
4371 567374
4372 567362
4375 567346
4377 567328
4379 567313
4381 567297
4382 567284
4384 567266
4386 567253
4387 567233
4389 567213
4390 567200
4392 567183
4394 567171
4395 567155
4396 567139
4398 567124
4399 567112
4402 567093
4404 567074
4405 567055
4408 567042
4409 567022
4412 567006
4414 566996
4417 566979
4419 566967
4420 566950
4422 566939
4424 566923
4427 566913
4430 566893
4431 566877
4434 566860
4435 566840
4437 566820
4439 566803
4442 566788
4444 566778
4446 566765
4448 566752
4450 566734
4452 566721
4454 566710
4457 566700
4460 566681
4462 566661
4465 566651
4466 566636
4467 566623
4468 566606
4470 566588
4472 566568
4473 566554
4475 566534
4478 566519
4481 566499
4482 566481
4483 566466
4486 566455
4489 566444
4491 566430
4493 566416
4494 566401
4497 566388
4498 566375
4499 566362
4502 566350
4503 566334
4504 566319
4506 566304
4508 566290
4511 566272
4512 566262
4513 566246
4514 566234
4515 566217
4518 566201
4519 566182
4522 566170
4523 566154
4526 566144
4527 566130
4530 566113
4531 566097
4534 566083
4535 566070
4537 566051
4538 566033
4541 566015
4544 566001
4546 565988
4549 565968
4552 565952
4554 565935
4555 565921
4558 565902
4561 565882
4564 565863
4567 565847
4570 565836
4571 565825
4573 565808
4575 565789
4577 565772
4580 565759
4582 565747
4584 565730
4587 565710
4589 565690
4592 565673
4595 565653
4597 565636
4600 565620
4603 565604
4606 565591
4607 565581
4609 565561
4612 565543
4615 565523
4617 565510
4618 565490
4619 565474
4621 565459
4622 565445
4624 565435
4625 565424
4628 565408
4629 565395
4632 565376
4634 565358
4635 565346
4636 565333
4638 565313
4641 565300
4644 565289
4647 565276
4648 565265
4650 565246
4651 565230
4653 565212
4656 565194
4658 565178
4660 565166
4663 565147
4665 565132
4667 565114
4669 565095
4671 565077
4672 565065
4675 565046
4676 565029
4679 565015
4680 565000
4682 564990
4683 564971
4684 564954
4686 564939
4688 564919
4691 564907
4693 564888
4695 564868
4696 564850
4697 564840
4698 564820
4700 564809
4702 564798
4703 564786
4706 564774
4708 564764
4709 564748
4712 564732
4713 564719
4714 564706
4716 564688
4717 564672
4720 564654
4723 564639
4724 564625
4726 564607
4729 564594
4730 564580
4731 564568
4734 564557
4737 564546
4739 564528
4740 564516
4742 564504
4745 564489
4746 564478
4747 564462
4750 564444
4752 564430
4753 564417
4756 564399
4759 564387
4762 564376
4763 564357
4766 564341
4768 564329
4769 564311
4772 564292
4775 564275
4778 564261
4781 564244
4782 564227
4784 564212
4785 564199
4788 564186
4789 564166
4790 564149
4791 564139
4794 564129
4797 564110
4799 564095
4801 564085
4803 564071
4805 564051
4806 564033
4807 564023
4808 564011
4811 564001
4814 563989
4815 563971
4816 563960
4817 563945
4818 563933
4820 563922
4822 563905
4824 563887
4826 563872
4829 563856
4832 563846
4834 563829
4836 563812
4839 563796
4840 563781
4842 563761
4844 563743
4847 563730
4849 563710
4851 563697
4852 563678
4854 563664
4857 563652
4859 563632
4861 563616
4863 563597
4864 563585
4866 563566
4867 563549
4868 563537
4869 563523
4870 563511
4871 563499
4872 563479
4875 563468
4878 563450
4880 563437
4882 563425
4884 563410
4886 563393
4888 563378
4891 563359
4894 563340
4896 563325
4899 563309
4902 563298
4905 563284
4906 563269
4909 563259
4910 563242
4912 563224
4915 563214
4918 563204
4921 563192
4923 563176
4926 563159
4928 563140
4930 563127
4932 563113
4933 563095
4936 563081
4938 563071
4939 563055
4942 563035
4944 563025
4945 563005
4946 562985
4949 562968
4950 562956
4951 562937
4952 562919
4953 562904
4955 562886
4957 562870
4959 562856
4962 562841
4964 562823
4966 562803
4969 562787
4970 562771
4973 562754
4975 562739
4978 562721
4981 562708
4982 562693
4983 562679
4986 562660
4987 562641
4990 562630
4991 562613
4993 562599
4996 562588
4999 562577
5001 562559
5003 562540
5004 562521
5007 562502
5010 562488
5012 562473
5014 562454
5015 562437
5016 562423
5017 562411
5020 562392
5022 562373
5024 562362
5026 562352
5028 562332
5029 562313
5030 562293
5031 562280
5032 562260
5034 562249
5035 562229
5036 562218
5038 562207
5041 562194
5044 562183
5045 562170
5046 562159
5047 562143
5048 562131
5051 562119
5052 562104
5053 562090
5055 562080
5058 562065
5060 562055
5062 562040
5065 562020
5066 562009
5068 561989
5070 561972
5072 561955
5075 561945
5076 561931
5078 561915
5079 561899
5082 561885
5083 561872
5085 561854
5088 561842
5091 561823
5092 561808
5094 561792
5095 561775
5096 561757
5098 561742
5100 561727
5101 561717
5103 561703
5104 561691
5107 561676
5108 561656
5111 561643
5114 561625
5116 561615
5119 561603
5120 561585
5121 561569
5122 561556
5123 561546
5125 561535
5128 561520
5130 561505
5133 561491
5136 561481
5138 561469
5141 561454
5144 561436
5147 561422
5150 561406
5151 561386
5153 561370
5155 561356
5156 561339
5159 561322
5162 561302
5164 561288
5166 561274
5169 561260
5170 561241
5173 561229
5175 561215
5177 561199
5178 561181
5179 561167
5180 561148
5183 561132
5186 561118
5188 561104
5189 561087
5190 561075
5191 561064
5193 561050
5194 561036
5197 561021
5199 561010
5200 560999
5202 560988
5203 560978
5205 560960
5206 560950
5207 560934
5210 560924
5212 560907
5214 560895
5217 560883
5218 560868
5221 560849
5222 560838
5223 560825
5226 560812
5228 560793
5229 560778
5232 560766
5235 560753
5236 560739
5238 560722
5240 560706
5241 560693
5243 560678
5246 560667
5249 560647
5252 560632
5255 560615
5258 560602
5260 560592
5263 560574
5266 560560
5268 560546
5270 560531
5273 560511
5276 560491
5279 560473
5282 560456
5285 560445
5286 560427
5287 560416
5288 560399
5291 560388
5294 560374
5297 560356
5298 560346
5300 560336
5303 560319
5306 560304
5309 560294
5312 560277
5314 560267
5317 560251
5319 560237
5321 560217
5322 560205
5323 560195
5326 560176
5329 560166
5330 560152
5331 560140
5334 560125
5337 560105
5339 560090
5340 560071
5343 560057
5345 560040
5348 560027
5349 560014
5351 560004
5353 559985
5354 559971
5356 559958
5358 559939
5360 559929
5363 559914
5364 559894
5366 559877
5369 559859
5370 559843
5372 559833
5375 559818
5378 559804
5379 559786
5381 559771
5382 559752
5384 559738
5385 559720
5386 559701
5388 559683
5391 559670
5394 559653
5396 559641
5399 559623
5402 559612
5405 559600
5408 559583
5411 559565
5414 559554
5416 559536
5418 559518
5419 559507
5420 559495
5423 559475
5425 559463
5427 559448
5430 559433
5432 559419
5435 559408
5438 559393
5439 559376
5442 559356
5443 559339
5444 559320
5447 559300
5448 559290
5449 559274
5452 559256
5454 559245
5456 559233
5458 559222
5460 559202
5462 559192
5464 559175
5466 559155
5467 559136
5469 559117
5472 559106
5473 559087
5475 559072
5477 559061
5480 559046
5482 559031
5483 559018
5486 558999
5489 558979
5491 558959
5494 558944
5495 558934
5496 558914
5498 558899
5500 558888
5501 558878
5504 558866
5505 558846
5506 558828
5508 558808
5510 558798
5511 558783
5512 558765
5513 558754
5514 558736
5515 558720
5517 558709
5519 558691
5522 558676
5525 558665
5527 558652
5529 558642
5530 558624
5533 558605
5535 558590
5537 558570
5538 558553
5539 558536
5542 558516
5544 558505
5546 558490
5547 558470
5549 558454
5550 558439
5551 558426
5553 558411
5555 558400
5557 558388
5558 558373
5560 558353
5563 558337
5564 558327
5567 558311
5569 558294
5572 558280
5574 558269
5576 558259
5579 558247
5581 558235
5584 558216
5587 558200
5589 558185
5592 558172
5595 558157
5598 558141
5600 558121
5601 558110
5602 558091
5604 558071
5606 558058
5607 558048
5608 558030
5611 558016
5612 558003
5615 557993
5618 557978
5620 557968
5622 557949
5623 557935
5625 557921
5626 557909
5628 557897
5629 557877
5632 557866
5635 557848
5638 557833
5641 557821
5642 557808
5643 557798
5644 557778
5645 557762
5646 557749
5647 557733
5649 557718
5652 557701
5654 557681
5657 557662
5658 557649
5660 557629
5661 557611
5663 557595
5665 557578
5666 557563
5668 557544
5669 557526
5671 557508
5673 557498
5674 557478
5675 557464
5677 557452
5680 557436
5682 557426
5685 557410
5688 557400
5691 557383
5693 557369
5696 557357
5697 557344
5700 557327
5702 557314
5704 557303
5706 557287
5708 557267
5709 557247
5711 557229
5714 557214
5715 557194
5716 557179
5718 557159
5720 557146
5722 557135
5723 557117
5724 557098
5725 557086
5727 557076
5728 557062
5730 557045
5732 557028
5735 557010
5737 556991
5739 556971
5742 556951
5744 556939
5746 556920
5748 556910
5751 556892
5753 556882
5755 556870
5756 556856
5759 556839
5762 556819
5765 556805
5768 556795
5770 556785
5773 556770
5774 556752
5776 556742
5778 556726
5780 556707
5781 556689
5782 556674
5784 556655
5786 556640
5788 556626
5790 556616
5791 556603
5792 556593
5795 556573
5798 556563
5800 556549
5802 556535
5805 556524
5808 556505
5810 556494
5812 556475
5814 556457
5816 556446
5817 556434
5818 556417
5821 556399
5823 556387
5825 556377
5828 556364
5831 556346
5833 556330
5836 556315
5838 556298
5839 556287
5840 556270
5841 556259
5844 556243
5846 556233
5847 556220
5850 556209
5852 556191
5854 556178
5856 556163
5858 556147
5859 556135
5862 556117
5864 556105
5865 556095
5867 556085
5870 556067
5871 556051
5874 556039
5877 556028
5879 556018
5880 556003
5881 555988
5883 555976
5886 555957
5888 555943
5891 555925
5892 555912
5894 555900
5896 555880
5899 555869
5900 555858
5902 555840
5904 555824
5906 555810
5907 555793
5908 555782
5911 555767
5913 555748
5916 555728
5919 555714
5921 555704
5923 555691
5924 555678
5925 555660
5926 555650
5929 555637
5930 555624
5932 555604
5935 555588
5938 555572
5940 555561
5943 555541
5944 555531
5945 555521
5946 555508
5949 555492
5952 555475
5955 555457
5958 555441
5960 555422
5962 555410
5965 555397
5968 555378
5970 555366
5971 555354
5973 555340
5976 555322
5977 555307
5980 555287
5982 555270
5983 555251
5986 555240
5989 555227
5990 555208
5991 555196
5994 555180
5997 555161
6000 555141
6003 555131
6005 555114
6006 555104
6008 555086
6010 555073
6013 555063
6015 555046
6017 555034
6020 555021
6021 555006
6022 554990
6024 554972
6027 554955
6030 554936
6033 554925
6036 554914
6039 554904
6041 554894
6044 554875
6047 554855
6049 554836
6052 554821
6054 554809
6056 554799
6058 554782
6060 554769
6061 554751
6063 554741
6064 554727
6067 554711
6070 554694
6071 554681
6072 554670
6074 554660
6076 554641
6079 554631
6080 554618
6081 554604
6082 554594
6083 554576
6086 554562
6088 554545
6091 554530
6093 554512
6095 554500
6097 554481
6099 554471
6101 554454
6103 554442
6104 554428
6105 554418
6106 554404
6108 554387
6111 554372
6114 554358
6117 554340
6119 554327
6122 554311
6124 554299
6125 554289
6128 554277
6131 554262
6134 554247
6136 554231
6138 554212
6140 554199
6141 554186
6144 554171
6146 554161
6148 554151
6151 554134
6154 554121
6155 554107
6156 554096
6159 554080
6162 554061
6163 554046
6165 554036
6167 554026
6168 554010
6169 553992
6171 553979
6174 553961
6175 553949
6178 553937
6179 553925
6180 553905
6182 553886
6184 553872
6187 553858
6188 553838
6191 553825
6194 553812
6197 553797
6198 553786
6200 553766
6202 553749
6205 553738
6208 553725
6209 553712
6210 553700
6212 553680
6214 553669
6216 553652
6217 553639
6220 553619
6223 553605
6226 553589
6227 553574
6228 553556
6229 553541
6232 553522
6235 553512
6236 553502
6239 553488
6242 553469
6243 553453
6245 553436
6247 553418
6250 553404
6252 553386
6255 553371
6257 553360
6259 553347
6261 553332
6264 553317
6267 553298
6269 553285
6272 553275
6273 553259
6276 553243
6278 553225
6281 553207
6283 553194
6285 553176
6288 553157
6291 553145
6294 553126
6295 553106
6298 553095
6299 553080
6300 553070
6303 553059
6306 553040
6309 553025
6311 553010
6313 552992
6316 552974
6317 552955
6318 552944
6319 552932
6320 552918
6323 552905
6324 552895
6327 552875
6328 552861
6330 552842
6333 552831
6334 552811
6336 552795
6338 552779
6339 552763
6342 552745
6345 552733
6347 552713
6349 552703
6351 552688
6352 552670
6353 552650
6354 552633
6356 552620
6357 552606
6358 552591
6359 552576
6360 552559
6361 552542
6362 552532
6363 552513
6366 552498
6368 552478
6369 552468
6372 552448
6373 552436
6375 552419
6378 552407
6381 552394
6383 552378
6385 552367
6386 552350
6389 552340
6390 552324
6393 552309
6395 552296
6396 552282
6398 552263
6399 552250
6400 552235
6403 552217
6404 552198
6406 552187
6408 552173
6409 552158
6411 552144
6413 552128
6414 552117
6415 552100
6418 552081
6419 552061
6420 552051
6421 552033
6424 552022
6426 552010
6427 551996
6429 551982
6430 551968
6433 551948
6436 551934
6437 551921
6439 551911
6440 551895
6442 551875
6444 551864
6446 551844
6448 551832
6451 551818
6453 551801
6455 551790
6456 551776
6458 551760
6459 551750
6462 551737
6465 551717
6466 551706
6469 551690
6472 551678
6475 551661
6476 551650
6479 551640
6481 551629
6482 551615
6483 551599
6486 551582
6489 551565
6492 551549
6495 551533
6498 551519
6501 551508
6503 551495
6504 551482
6507 551462
6510 551444
6511 551425
6513 551405
6515 551392
6517 551372
6519 551353
6521 551333
6522 551318
6525 551299
6526 551279
6528 551263
6530 551243
6531 551232
6533 551221
6535 551201
6537 551188
6539 551170
6540 551158
6541 551147
6542 551133
6544 551116
6546 551105
6547 551094
6550 551074
6552 551060
6554 551041
6557 551029
6560 551010
6563 550998
6564 550983
6566 550963
6568 550945
6570 550925
6571 550913
6573 550894
6574 550879
6577 550868
6579 550858
6582 550844
6585 550829
6586 550813
6589 550801
6592 550784
6593 550774
6595 550761
6598 550747
6599 550735
6601 550718
6602 550704
6603 550694
6605 550676
6607 550664
6610 550644
6612 550624
6615 550608
6616 550592
6618 550578
6619 550563
6620 550545
6622 550531
6625 550517
6626 550504
6628 550485
6630 550475
6632 550463
6635 550444
6637 550434
6638 550417
6641 550406
6644 550390
6645 550378
6648 550359
6650 550345
6653 550325
6654 550310
6657 550298
6660 550288
6663 550270
6665 550256
6666 550245
6668 550226
6669 550206
6670 550191
6672 550176
6675 550157
6676 550145
6679 550127
6682 550116
6683 550106
6686 550095
6689 550084
6692 550068
6694 550049
6697 550033
6700 550021
6703 550003
6705 549986
6708 549975
6710 549964
6713 549946
6714 549935
6715 549916
6717 549905
6719 549894
6720 549879
6722 549865
6724 549846
6726 549826
6728 549809
6731 549792
6732 549772
6735 549756
6736 549744
6738 549732
6741 549722
6744 549702
6745 549686
6746 549676
6748 549665
6749 549652
6750 549634
6752 549614
6755 549602
6756 549585
6759 549565
6761 549551
6764 549539
6767 549519
6769 549507
6772 549495
6775 549478
6777 549462
6780 549446
6783 549427
6786 549410
6789 549400
6791 549384
6794 549367
6796 549353
6798 549333
6799 549321
6801 549309
6802 549290
6804 549273
6806 549253
6807 549237
6810 549219
6813 549202
6816 549187
6818 549177
6820 549165
6822 549146
6823 549128
6826 549114
6829 549103
6830 549086
6832 549066
6833 549051
6836 549039
6839 549020
6842 549006
6844 548988
6847 548978
6850 548967
6851 548948
6854 548931
6856 548920
6857 548908
6859 548891
6862 548879
6865 548866
6866 548848
6867 548838
6868 548828
6871 548815
6874 548805
6876 548786
6877 548769
6880 548754
6882 548734
6883 548721
6886 548703
6888 548692
6890 548680
6891 548663
6894 548643
6897 548633
6900 548618
6903 548601
6904 548588
6905 548573
6908 548557
6911 548547
6912 548534
6915 548524
6918 548505
6920 548489
6921 548479
6924 548460
6926 548449
6927 548435
6929 548421
6932 548408
6935 548391
6936 548371
6938 548358
6940 548342
6942 548327
6944 548312
6947 548296
6950 548282
6953 548272
6955 548258
6956 548242
6957 548226
6960 548209
6961 548190
6964 548174
6966 548156
6968 548137
6969 548126
6970 548109
6971 548091
6974 548077
6975 548065
6978 548049
6979 548029
6982 548012
6983 547994
6986 547979
6988 547964
6989 547948
6991 547932
6992 547915
6994 547897
6996 547883
6999 547868
7002 547848
7005 547837
7006 547821
7008 547805
7009 547790
7010 547779
7012 547759
7015 547746
7016 547735
7018 547717
7021 547707
7023 547696
7026 547684
7027 547674
7029 547658
7030 547647
7033 547633
7035 547619
7037 547602
7040 547582
7041 547563
7042 547553
7044 547538
7045 547526
7046 547507
7049 547489
7051 547476
7054 547465
7055 547453
7057 547437
7059 547419
7061 547404
7062 547384
7063 547368
7066 547351
7069 547335
7072 547319
7073 547308
7075 547293
7077 547274
7079 547254
7080 547238
7083 547221
7084 547201
7086 547190
7089 547176
7091 547160
7092 547142
7093 547131
7094 547113
7097 547101
7100 547085
7101 547068
7102 547055
7103 547038
7106 547028
7107 547013
7110 547002
7112 546984
7113 546971
7114 546951
7115 546940
7117 546920
7119 546909
7122 546892
7124 546872
7127 546854
7130 546841
7133 546827
7134 546816
7136 546796
7138 546776
7140 546763
7141 546749
7142 546731
7145 546718
7148 546700
7149 546681
7151 546671
7154 546661
7155 546646
7158 546626
7159 546612
7160 546594
7163 546581
7164 546565
7165 546546
7167 546536
7168 546516
7171 546501
7172 546483
7174 546471
7175 546454
7178 546439
7180 546424
7183 546413
7184 546398
7185 546380
7186 546368
7188 546351
7189 546331
7190 546317
7191 546301
7194 546284
7197 546266
7198 546254
7199 546236
7202 546220
7204 546204
7206 546184
7208 546164
7211 546153
7214 546135
7216 546121
7217 546111
7218 546100
7220 546090
7221 546079
7223 546067
7225 546052
7228 546036
7229 546021
7230 546004
7231 545988
7234 545969
7236 545950
7239 545936
7240 545917
7241 545903
7243 545890
7246 545875
7248 545857
7249 545839
7250 545822
7251 545811
7252 545795
7255 545781
7257 545763
7260 545749
7263 545737
7266 545726
7269 545716
7272 545702
7274 545683
7277 545663
7280 545653
7283 545634
7284 545619
7285 545603
7287 545589
7289 545572
7291 545559
7292 545539
7295 545519
7298 545499
7301 545482
7304 545471
7305 545452
7308 545436
7309 545421
7311 545402
7312 545389
7315 545376
7316 545359
7318 545345
7319 545325
7321 545307
7324 545288
7325 545271
7328 545255
7329 545240
7332 545223
7333 545203
7335 545192
7336 545172
7339 545159
7340 545149
7342 545132
7345 545117
7347 545103
7349 545088
7351 545077
7354 545062
7356 545051
7359 545033
7362 545022
7364 545002
7365 544990
7367 544975
7370 544956
7371 544941
7372 544923
7373 544905
7374 544895
7376 544880
7379 544860
7381 544848
7382 544830
7385 544814
7388 544797
7391 544777
7393 544761
7394 544744
7395 544729
7396 544713
7398 544697
7400 544682
7402 544666
7405 544649
7406 544629
7407 544618
7410 544598
7412 544584
7414 544567
7415 544547
7416 544529
7417 544513
7418 544493
7421 544473
7422 544460
7423 544448
7426 544434
7427 544414
7430 544403
7431 544388
7432 544370
7433 544359
7435 544347
7438 544335
7439 544317
7442 544297
7445 544282
7447 544267
7448 544257
7450 544244
7452 544232
7455 544219
7458 544199
7461 544180
7464 544168
7466 544149
7469 544131
7470 544112
7471 544094
7473 544084
7474 544071
7477 544055
7478 544037
7480 544018
7482 543998
7483 543980
7486 543960
7488 543941
7490 543921
7491 543902
7493 543883
7496 543870
7497 543859
7499 543840
7500 543825
7503 543810
7504 543790
7506 543771
7509 543756
7510 543740
7511 543728
7514 543715
7515 543697
7517 543684
7518 543672
7521 543661
7522 543646
7525 543633
7528 543613
7531 543595
7533 543575
7534 543565
7536 543546
7539 543527
7540 543511
7541 543493
7543 543480
7544 543467
7545 543457
7547 543444
7548 543433
7550 543413
7552 543395
7555 543376
7556 543365
7559 543348
7561 543331
7562 543319
7563 543309
7566 543292
7568 543275
7571 543258
7572 543244
7573 543226
7576 543211
7577 543199
7578 543188
7581 543171
7583 543151
7585 543133
7587 543117
7590 543107
7592 543094
7595 543082
7596 543068
7597 543053
7599 543036
7600 543024
7603 543004
7605 542984
7607 542966
7609 542953
7611 542938
7614 542927
7617 542910
7619 542890
7621 542879
7623 542868
7626 542857
7629 542842
7632 542823
7635 542809
7636 542791
7637 542777
7638 542760
7641 542743
7642 542732
7644 542720
7647 542705
7649 542685
7651 542667
7653 542655
7655 542635
7657 542617
7660 542598
7661 542586
7663 542571
7664 542556
7667 542545
7669 542533
7671 542513
7673 542496
7674 542479
7677 542463
7679 542449
7682 542429
7684 542409
7685 542389
7686 542377
7689 542367
7691 542347
7694 542331
7695 542315
7697 542297
7698 542278
7700 542268
7703 542248
7704 542233
7705 542215
7708 542197
7710 542177
7711 542166
7714 542155
7717 542145
7718 542130
7719 542112
7721 542095
7723 542076
7725 542060
7726 542050
7727 542036
7729 542022
7731 542008
7734 541991
7736 541975
7739 541955
7741 541935
7743 541924
7744 541911
7747 541897
7750 541884
7753 541873
7756 541862
7757 541843
7759 541828
7760 541818
7761 541806
7764 541792
7766 541773
7767 541754
7769 541739
7770 541723
7773 541710
7775 541696
7776 541683
7779 541667
7782 541656
7784 541640
7787 541629
7790 541617
7792 541601
7795 541581
7797 541569
7798 541549
7799 541530
7802 541510
7803 541495
7804 541485
7806 541465
7807 541454
7808 541443
7811 541424
7812 541408
7814 541391
7816 541374
7818 541358
7821 541341
7822 541328
7825 541310
7827 541294
7828 541275
7830 541256
7831 541238
7833 541220
7836 541206
7837 541190
7840 541171
7841 541158
7843 541145
7844 541133
7846 541115
7848 541103
7849 541084
7851 541069
7852 541054
7855 541041
7858 541031
7861 541018
7863 541003
7864 540991
7867 540976
7868 540961
7871 540943
7872 540931
7874 540915
7877 540895
7878 540878
7879 540865
7881 540851
7883 540835
7885 540822
7886 540804
7888 540788
7891 540773
7893 540763
7894 540753
7896 540737
7899 540726
7902 540707
7905 540692
7906 540675
7907 540658
7909 540646
7911 540629
7912 540609
7914 540589
7915 540574
7918 540554
7919 540534
7920 540514
7923 540497
7925 540480
7928 540464
7929 540448
7930 540433
7931 540420
7934 540407
7936 540396
7938 540383
7939 540366
7942 540354
7945 540339
7946 540326
7948 540315
7951 540300
7954 540286
7956 540276
7957 540260
7959 540247
7961 540229
7962 540215
7965 540198
7968 540182
7971 540162
7974 540143
7976 540124
7977 540108
7978 540096
7980 540078
7983 540068
7986 540053
7988 540042
7990 540026
7993 540009
7994 539992
7995 539972
7997 539952
7999 539941
8000 539929
8001 539909
8003 539890
8004 539874
8005 539860
8006 539845
8009 539834
8011 539822
8014 539806
8016 539791
8019 539776
8021 539760
8022 539744
8025 539728
8028 539710
8029 539700
8031 539689
8032 539671
8033 539653
8036 539640
8037 539628
8038 539615
8040 539603
8043 539585
8046 539567
8049 539550
8050 539530
8052 539513
8053 539493
8055 539474
8057 539464
8058 539444
8059 539433
8060 539417
8061 539402
8064 539390
8067 539375
8069 539363
8072 539347
8074 539329
8077 539316
8080 539305
8083 539289
8085 539276
8086 539261
8088 539246
8089 539229
8092 539218
8094 539205
8095 539191
8097 539175
8098 539155
8099 539144
8101 539134
8104 539124
8105 539114
8108 539101
8111 539088
8113 539072
8115 539056
8116 539041
8119 539027
8122 539016
8123 539001
8125 538986
8126 538973
8128 538958
8130 538939
8133 538929
8134 538912
8137 538897
8138 538883
8141 538869
8142 538854
8145 538836
8148 538817
8150 538797
8152 538781
8153 538767
8154 538753
8157 538735
8159 538720
8161 538707
8164 538694
8165 538676
8168 538664
8169 538653
8170 538637
8172 538627
8174 538617
8177 538607
8180 538589
8183 538574
8184 538559
8186 538541
8187 538528
8189 538510
8191 538498
8193 538487
8195 538467
8197 538450
8199 538438
8201 538419
8202 538404
8205 538393
8207 538383
8210 538366
8211 538351
8214 538331
8216 538320
8219 538301
8222 538291
8224 538276
8226 538256
8228 538244
8231 538229
8232 538211
8235 538198
8237 538187
8240 538174
8242 538162
8244 538151
8246 538138
8249 538123
8252 538107
8254 538096
8257 538076
8259 538063
8260 538045
8263 538031
8264 538015
8267 538003
8269 537987
8272 537967
8273 537952
8274 537942
8276 537930
8278 537918
8281 537900
8282 537880
8284 537867
8287 537856
8288 537839
8290 537824
8291 537805
8294 537792
8295 537777
8298 537761
8301 537744
8303 537734
8306 537715
8307 537701
8310 537681
8311 537666
8313 537653
8315 537641
8318 537626
8320 537611
8321 537592
8324 537573
8326 537559
8327 537546
8328 537535
8329 537518
8332 537508
8335 537491
8338 537474
8339 537462
8342 537444
8344 537431
8347 537420
8349 537406
8350 537389
8353 537370
8355 537351
8358 537333
8360 537323
8361 537303
8363 537288
8365 537276
8367 537259
8369 537244
8371 537232
8372 537214
8375 537202
8378 537189
8379 537175
8382 537164
8383 537150
8384 537136
8386 537117
8388 537103
8389 537084
8390 537068
8392 537057
8395 537044
8398 537027
8400 537013
8401 536998
8402 536984
8404 536973
8405 536955
8407 536936
8410 536920
8413 536905
8416 536885
8417 536874
8420 536859
8421 536841
8422 536825
8424 536815
8426 536796
8427 536779
8430 536760
8432 536749
8435 536731
8437 536716
8440 536696
8443 536676
8446 536660
8447 536645
8448 536633
8449 536622
8450 536609
8452 536589
8454 536579
8455 536559
8458 536540
8460 536523
8463 536504
8464 536493
8465 536473
8466 536461
8467 536446
8470 536435
8473 536421
8475 536406
8478 536387
8479 536368
8481 536350
8484 536337
8485 536322
8486 536311
8488 536296
8489 536285
8491 536269
8493 536251
8496 536238
8497 536218
8498 536207
8499 536197
8501 536180
8502 536168
8503 536148
8505 536134
8506 536115
8507 536103
8510 536089
8511 536075
8514 536064
8515 536049
8517 536036
8518 536025
8520 536011
8522 535999
8524 535983
8526 535972
8529 535953
8532 535942
8534 535924
8537 535909
8539 535890
8541 535873
8542 535861
8545 535842
8546 535827
8549 535814
8552 535804
8555 535790
8556 535779
8558 535767
8561 535749
8562 535734
8563 535723
8566 535708
8567 535696
8569 535677
8571 535666
8572 535646
8574 535633
8575 535616
8577 535598
8580 535587
8581 535568
8583 535556
8584 535543
8586 535528
8589 535512
8590 535501
8593 535482
8596 535471
8599 535458
8601 535439
8604 535425
8605 535405
8608 535389
8610 535379
8612 535367
8613 535349
8614 535336
8615 535316
8618 535304
8621 535288
8623 535272
8625 535255
8627 535242
8630 535224
8633 535205
8636 535186
8637 535175
8639 535158
8640 535147
8643 535131
8646 535114
8648 535095
8650 535085
8653 535066
8654 535056
8655 535039
8657 535022
8660 535004
8662 534989
8664 534976
8665 534960
8666 534945
8667 534929
8670 534917
8673 534902
8675 534886
8677 534872
8678 534853
8680 534836
8682 534824
8685 534804
8687 534785
8690 534767
8692 534751
8695 534736
8697 534716
8698 534706
8701 534693
8704 534675
8707 534655
8709 534635
8711 534622
8712 534605
8713 534590
8714 534578
8716 534560
8717 534546
8718 534530
8719 534517
8722 534499
8724 534486
8727 534469
8728 534457
8731 534444
8734 534434
8736 534419
8738 534403
8741 534390
8744 534372
8747 534355
8750 534340
8751 534330
8753 534320
8755 534305
8756 534287
8759 534270
8761 534256
8763 534245
8765 534228
8768 534210
8769 534190
8772 534175
8773 534157
8775 534147
8778 534130
8781 534113
8784 534100
8785 534086
8788 534075
8791 534062
8794 534052
8796 534033
8797 534015
8799 534004
8801 533985
8804 533974
8805 533963
8808 533947
8810 533931
8813 533918
8816 533902
8819 533884
8822 533871
8824 533861
8827 533846
8830 533836
8831 533817
8833 533807
8836 533787
8838 533773
8839 533762
8841 533744
8844 533724
8846 533707
8848 533695
8849 533681
8852 533664
8855 533654
8856 533644
8858 533631
8859 533618
8861 533601
8863 533590
8866 533572
8868 533560
8870 533543
8872 533524
8874 533507
8877 533487
8878 533471
8881 533453
8884 533443
8886 533423
8888 533405
8890 533393
8892 533380
8894 533364
8895 533350
8896 533335
8897 533323
8898 533312
8900 533292
8903 533281
8906 533261
8908 533243
8911 533223
8914 533211
8915 533201
8918 533187
8920 533175
8923 533156
8924 533143
8926 533124
8928 533107
8931 533096
8933 533077
8935 533063
8937 533049
8938 533034
8940 533024
8941 533011
8942 532991
8945 532976
8946 532959
8947 532941
8948 532921
8951 532909
8954 532892
8955 532874
8956 532855
8958 532844
8961 532824
8964 532811
8967 532795
8968 532778
8969 532762
8972 532747
8974 532727
8976 532717
8979 532704
8982 532688
8983 532675
8986 532656
8987 532638
8988 532620
8989 532608
8990 532594
8992 532577
8994 532563
8997 532553
8998 532535
9001 532519
9002 532509
9003 532490
9006 532479
9009 532459
9012 532445
9013 532425
9016 532407
9017 532395
9020 532382
9022 532371
9025 532352
9026 532340
9027 532325
9028 532314
9031 532301
9032 532288
9034 532271
9036 532259
9039 532246
9042 532232
9044 532221
9046 532206
9049 532188
9050 532169
9051 532149
9054 532137
9056 532117
9057 532105
9058 532086
9060 532075
9061 532060
9062 532046
9063 532035
9065 532021
9066 532002
9067 531985
9070 531975
9072 531963
9073 531953
9076 531933
9079 531920
9082 531907
9083 531897
9084 531883
9085 531863
9087 531849
9089 531833
9090 531813
9093 531793
9096 531779
9099 531760
9102 531744
9104 531724
9106 531710
9108 531700
9111 531685
9113 531669
9116 531652
9118 531642
9119 531625
9120 531610
9122 531598
9124 531588
9125 531574
9128 531561
9130 531551
9133 531539
9134 531521
9136 531504
9137 531488
9139 531477
9142 531463
9145 531443
9148 531424
9151 531405
9153 531393
9154 531378
9155 531368
9156 531357
9158 531341
9160 531326
9162 531309
9164 531297
9165 531283
9166 531267
9168 531255
9169 531238
9172 531227
9175 531210
9178 531193
9180 531180
9182 531168
9184 531157
9185 531146
9188 531129
9190 531112
9191 531097
9193 531078
9194 531066
9197 531053
9199 531039
9202 531027
9203 531016
9206 531002
9209 530982
9212 530962
9214 530945
9217 530925
9218 530907
9220 530888
9221 530871
9222 530855
9223 530842
9226 530831
9227 530817
9229 530800
9230 530785
9232 530773
9234 530762
9237 530748
9240 530730
9243 530718
9246 530706
9248 530687
9250 530676
9252 530665
9254 530646
9256 530634
9257 530624
9259 530608
9261 530591
9262 530577
9264 530562
9266 530548
9269 530538
9272 530528
9274 530509
9277 530494
9278 530482
9280 530466
9282 530456
9283 530440
9284 530425
9285 530409
9288 530389
9289 530371
9291 530360
9293 530340
9295 530322
9298 530311
9299 530301
9301 530290
9302 530272
9304 530255
9307 530243
9308 530230
9309 530214
9312 530199
9314 530181
9316 530169
9319 530157
9322 530142
9324 530129
9327 530109
9329 530097
9330 530078
9333 530065
9335 530054
9336 530035
9338 530018
9341 530000
9344 529982
9346 529970
9348 529957
9351 529939
9354 529921
9355 529902
9356 529888
9358 529873
9361 529856
9364 529842
9366 529825
9369 529809
9372 529799
9374 529787
9376 529777
9378 529757
9379 529746
9380 529731
9382 529712
9384 529701
9386 529689
9389 529671
9391 529656
9393 529644
9394 529634
9396 529616
9397 529605
9398 529592
9401 529576
9404 529565
9406 529550
9409 529540
9411 529526
9412 529510
9414 529490
9415 529473
9417 529462
9418 529442
9420 529426
9423 529411
9424 529394
9425 529379
9426 529365
9427 529351
9430 529332
9431 529312
9432 529294
9435 529277
9436 529261
9439 529247
9441 529230
9442 529218
9445 529208
9447 529198
9448 529179
9450 529162
9453 529145
9456 529134
9459 529114
9462 529094
9463 529082
9466 529066
9468 529047
9471 529036
9473 529026
9475 529007
9476 528990
9478 528971
9480 528958
9482 528947
9483 528928
9486 528914
9488 528898
9490 528883
9492 528872
9495 528855
9497 528844
9499 528825
9502 528811
9503 528796
9506 528779
9507 528767
9510 528752
9513 528742
9515 528724
9517 528710
9518 528692
9520 528673
9521 528657
9522 528639
9523 528625
9526 528609
9528 528593
9530 528577
9531 528559
9533 528549
9535 528531
9536 528521
9539 528511
9542 528493
9543 528473
9546 528457
9547 528442
9548 528428
9550 528415
9551 528396
9553 528381
9554 528371
9557 528357
9558 528342
9561 528332
9563 528319
9565 528307
9566 528288
9567 528278
9569 528262
9570 528243
9573 528232
9575 528215
9576 528196
9579 528179
9582 528161
9584 528142
9585 528128
9588 528117
9589 528103
9592 528088
9595 528071
9597 528060
9600 528044
9603 528034
9605 528021
9606 528006
9609 527993
9610 527974
9611 527957
9612 527938
9613 527922
9616 527909
9617 527897
9620 527884
9622 527865
9625 527846
9627 527827
9628 527809
9629 527793
9630 527781
9633 527765
9636 527752
9637 527740
9639 527728
9642 527710
9643 527698
9646 527684
9648 527667
9651 527655
9653 527637
9654 527627
9657 527609
9659 527596
9660 527585
9661 527572
9663 527560
9665 527541
9668 527524
9671 527514
9673 527503
9675 527490
9678 527475
9679 527457
9682 527441
9684 527431
9687 527415
9690 527400
9691 527388
9693 527372
9695 527360
9696 527345
9697 527328
9698 527316
9701 527306
9703 527295
9706 527282
9707 527263
9710 527246
9711 527230
9713 527217
9715 527200
9717 527181
9719 527161
9720 527148
9721 527131
9722 527121
9723 527109
9725 527095
9726 527076
9727 527063
9729 527047
9731 527028
9733 527012
9736 526999
9737 526985
9739 526966
9740 526954
9743 526935
9746 526916
9747 526905
9749 526895
9751 526881
9754 526863
9756 526850
9759 526831
9761 526813
9763 526795
9764 526776
9767 526759
9769 526741
9772 526726
9773 526714
9775 526696
9778 526679
9780 526661
9783 526644
9786 526634
9788 526622
9789 526605
9790 526594
9793 526582
9796 526570
9799 526556
9800 526544
9801 526530
9804 526519
9805 526500
9807 526489
9810 526471
9813 526460
9816 526440
9819 526426
9822 526411
9824 526399
9826 526389
9827 526371
9828 526361
9830 526349
9833 526330
9834 526319
9837 526307
9839 526289
9841 526269
9842 526252
9845 526233
9848 526223
9850 526208
9851 526193
9853 526177
9855 526159
9858 526145
9859 526130
9862 526112
9864 526096
9865 526084
9868 526070
9871 526050
9874 526035
9876 526023
9877 526011
9879 525994
9882 525982
9883 525966
9884 525955
9887 525943
9889 525926
9892 525906
9895 525890
9898 525874
9900 525864
9902 525854
9905 525844
9908 525825
9910 525810
9912 525793
9913 525780
9914 525766
9915 525751
9918 525733
9919 525716
9920 525699
9922 525684
9925 525667
9928 525652
9929 525636
9932 525622
9935 525603
9937 525591
9939 525581
9942 525566
9944 525551
9947 525541
9948 525523
9950 525512
9952 525497
9954 525478
9956 525463
9957 525452
9958 525433
9961 525414
9962 525394
9964 525379
9965 525365
9968 525349
9971 525335
9972 525324
9975 525308
9977 525296
9980 525278
9983 525260
9984 525250
9987 525240
9989 525223
9991 525211
9992 525195
9995 525180
9996 525166
9997 525152
10000 525132
10002 525120
10005 525110
10007 525098
10009 525078
10011 525064
10013 525045
10014 525027
10015 525010
10017 525000
10018 524988
10020 524971
10023 524956
10025 524944
10026 524925
10028 524910
10031 524892
10033 524880
10035 524861
10036 524848
10038 524829
10041 524816
10044 524797
10046 524783
10048 524773
10050 524761
10051 524741
10053 524729
10056 524710
10058 524699
10059 524680
10062 524669
10065 524653
10067 524635
10070 524621
10073 524606
10076 524587
10077 524576
10079 524561
10081 524548
10084 524528
10086 524508
10088 524490
10090 524480
10093 524468
10096 524453
10097 524435
10099 524421
10101 524409
10103 524391
10105 524375
10107 524364
10109 524345
10111 524327
10114 524307
10115 524290
10116 524272
10117 524252
10119 524237
10122 524218
10125 524198
10127 524180
10130 524166
10133 524150
10134 524140
10136 524123
10139 524108
10141 524094
10142 524081
10144 524067
10147 524049
10150 524033
10152 524022
10155 524002
10157 523986
10158 523966
10159 523946
10161 523932
10163 523922
10164 523907
10165 523893
10168 523881
10169 523863
10170 523844
10171 523834
10174 523814
10175 523795
10178 523780
10181 523766
10182 523752
10185 523742
10187 523731
10190 523717
10191 523703
10192 523691
10193 523678
10196 523658
10198 523641
10201 523622
10203 523604
10205 523584
10207 523572
10210 523559
10211 523549
10213 523533
10214 523521
10215 523503
10217 523483
10219 523469
10221 523458
10223 523443
10226 523429
10227 523412
10230 523402
10231 523386
10234 523373
10236 523356
10238 523338
10240 523320
10242 523309
10243 523291
10244 523279
10247 523263
10248 523253
10250 523235
10251 523224
10252 523205
10255 523193
10257 523181
10259 523167
10262 523152
10265 523132
10267 523120
10270 523103
10272 523093
10274 523083
10276 523067
10278 523054
10281 523038
10284 523024
10286 523006
10289 522992
10290 522973
10291 522963
10293 522947
10296 522928
10299 522909
10302 522891
10304 522881
10305 522868
10307 522858
10309 522847
10311 522827
10314 522814
10316 522796
10317 522786
10319 522771
10322 522753
10325 522741
10326 522721
10328 522708
10330 522690
10331 522677
10333 522661
10334 522647
10335 522636
10336 522621
10339 522602
10342 522584
10344 522574
10346 522556
10349 522540
10352 522522
10353 522512
10354 522502
10356 522482
10357 522467
10360 522451
10361 522439
10363 522422
10364 522408
10367 522397
10369 522384
10372 522369
10375 522358
10376 522341
10378 522322
10381 522306
10382 522288
10383 522275
10385 522262
10387 522247
10390 522228
10392 522208
10395 522193
10398 522178
10399 522163
10402 522145
10403 522135
10404 522117
10407 522102
10408 522083
10410 522065
10413 522047
10416 522028
10417 522016
10420 522004
10423 521985
10425 521968
10428 521953
10429 521935
10430 521921
10431 521910
10432 521900
10433 521885
10434 521874
10435 521859
10437 521846
10439 521829
10442 521812
10443 521794
10444 521776
10446 521762
10448 521749
10449 521737
10451 521717
10453 521702
10456 521689
10457 521674
10458 521655
10461 521638
10462 521618
10465 521607
10466 521591
10469 521573
10470 521559
10471 521546
10474 521535
10477 521524
10479 521513
10480 521496
10482 521486
10485 521470
10486 521452
10488 521432
10491 521422
10494 521402
10496 521387
10498 521369
10501 521353
10503 521340
10504 521325
10506 521312
10509 521298
10512 521285
10515 521269
10517 521253
10518 521238
10520 521220
10521 521201
10523 521181
10524 521162
10525 521142
10527 521123
10528 521106
10530 521090
10533 521075
10535 521062
10536 521047
10538 521033
10540 521020
10541 521001
10544 520985
10546 520970
10548 520953
10551 520936
10552 520921
10555 520904
10557 520887
10560 520877
10562 520857
10563 520839
10564 520825
10567 520805
10568 520791
10569 520774
10571 520760
10574 520740
10575 520728
10577 520710
10580 520700
10581 520682
10584 520662
10587 520648
10588 520632
10591 520620
10592 520605
10595 520595
10596 520584
10597 520574
10598 520557
10599 520539
10602 520522
10604 520502
10605 520484
10606 520474
10609 520458
10612 520445
10613 520427
10616 520415
10619 520398
10622 520388
10624 520375
10627 520362
10628 520349
10631 520330
10633 520319
10636 520305
10639 520290
10642 520274
10645 520264
10647 520253
10650 520242
10653 520231
10656 520218
10658 520199
10660 520185
10662 520171
10663 520160
10664 520145
10667 520127
10668 520115
10671 520096
10672 520086
10675 520067
10676 520055
10677 520043
10680 520033
10682 520013
10683 520003
10684 519986
10685 519973
10686 519954
10687 519943
10689 519933
10691 519919
10693 519907
10695 519892
10696 519874
10698 519855
10701 519837
10704 519821
10707 519808
10709 519791
10712 519774
10713 519761
10714 519749
10716 519733
10717 519716
10720 519702
10721 519687
10724 519669
10727 519655
10729 519639
10730 519628
10732 519613
10733 519595
10735 519580
10738 519561
10741 519548
10744 519538
10747 519526
10750 519508
10751 519498
10752 519481
10755 519461
10758 519442
10761 519427
10764 519414
10765 519400
10768 519382
10771 519362
10773 519349
10775 519339
10776 519321
10777 519305
10780 519290
10782 519270
10784 519257
10785 519237
10786 519219
10789 519205
10790 519185
10791 519171
10792 519151
10793 519132
10794 519113
10795 519099
10797 519083
10798 519073
10800 519059
10802 519040
10803 519020
10806 519006
10809 518996
10812 518983
10815 518972
10818 518960
10821 518941
10823 518928
10826 518914
10829 518902
10831 518884
10832 518869
10835 518856
10836 518839
10839 518821
10842 518808
10843 518788
10845 518771
10846 518756
10848 518739
10850 518729
10853 518711
10855 518700
10857 518681
10858 518670
10859 518653
10861 518640
10862 518621
10864 518605
10865 518588
10866 518570
10868 518558
10871 518541
10873 518524
10874 518509
10876 518489
10878 518474
10880 518464
10881 518451
10882 518441
10885 518427
10887 518408
10889 518394
10892 518384
10894 518367
10895 518355
10897 518337
10900 518318
10903 518303
10904 518289
10905 518276
10907 518259
10910 518241
10911 518227
10914 518213
10916 518199
10918 518183
10919 518171
10922 518152
10923 518140
10925 518122
10927 518109
10928 518090
10931 518072
10932 518054
10934 518038
10935 518024
10937 518007
10939 517995
10940 517978
10943 517964
10945 517954
10948 517942
10950 517924
10951 517904
10953 517890
10955 517879
10956 517865
10959 517855
10962 517836
10964 517818
10967 517798
10968 517783
10970 517768
10971 517756
10973 517736
10976 517721
10978 517711
10981 517693
10982 517677
10984 517657
10986 517646
10987 517636
10988 517616
10991 517598
10993 517586
10995 517571
10996 517555
10997 517543
10998 517527
10999 517517
11002 517500
11005 517481
11008 517462
11010 517448
11012 517428
11015 517416
11017 517398
11018 517385
11021 517375
11023 517361
11026 517349
11029 517334
11031 517320
11033 517303
11034 517289
11037 517274
11039 517254
11040 517243
11042 517229
11045 517216
11046 517202
11047 517183
11049 517166
11051 517154
11052 517138
11053 517118
11056 517105
11059 517092
11060 517072
11062 517053
11063 517043
11066 517027
11068 517012
11071 516995
11073 516984
11076 516967
11078 516956
11080 516937
11081 516919
11083 516900
11084 516887
11087 516868
11089 516851
11091 516831
11092 516819
11094 516804
11095 516788
11096 516771
11098 516753
11101 516735
11103 516715
11104 516696
11106 516686
11107 516666
11108 516652
11110 516635
11111 516620
11112 516601
11113 516586
11116 516576
11117 516566
11120 516554
11123 516538
11124 516526
11125 516511
11126 516498
11128 516484
11130 516473
11131 516462
11133 516448
11134 516438
11135 516425
11137 516407
11138 516397
11141 516386
11142 516372
11143 516361
11145 516349
11146 516334
11147 516322
11150 516303
11153 516285
11154 516274
11155 516259
11156 516248
11157 516230
11158 516214
11159 516197
11161 516177
11162 516158
11164 516141
11165 516124
11168 516107
11171 516092
11173 516073
11176 516063
11177 516047
11180 516029
11182 516010
11185 515990
11188 515973
11189 515959
11190 515941
11193 515927
11195 515912
11198 515893
11199 515875
11202 515858
11203 515847
11204 515837
11206 515818
11209 515806
11212 515794
11214 515784
11217 515774
11218 515756
11220 515744
11221 515726
11224 515713
11227 515703
11229 515686
11230 515670
11231 515657
11232 515637
11234 515623
11237 515605
11238 515589
11240 515576
11243 515560
11246 515547
11247 515528
11249 515517
11250 515502
11251 515490
11254 515472
11257 515455
11259 515437
11262 515422
11263 515407
11264 515395
11266 515383
11267 515369
11268 515355
11269 515339
11270 515324
11271 515314
11273 515302
11275 515282
11277 515265
11279 515249
11281 515237
11284 515223
11286 515207
11287 515191
11290 515181
11291 515162
11294 515150
11296 515138
11297 515124
11298 515107
11299 515097
11300 515079
11303 515064
11304 515046
11307 515026
11308 515009
11309 514992
11311 514979
11313 514968
11316 514954
11318 514934
11321 514916
11322 514898
11325 514880
11326 514865
11329 514852
11330 514840
11331 514826
11332 514807
11334 514789
11337 514774
11339 514757
11342 514745
11345 514728
11348 514714
11350 514704
11352 514687
11355 514676
11358 514656
11361 514645
11362 514635
11364 514622
11367 514611
11368 514600
11370 514582
11372 514564
11374 514554
11375 514543
11377 514524
11378 514514
11379 514494
11380 514477
11383 514463
11386 514443
11388 514433
11391 514421
11393 514404
11394 514389
11397 514371
11400 514353
11403 514340
11406 514329
11409 514311
11411 514301
11412 514289
11413 514269
11415 514251
11416 514241
11418 514224
11421 514208
11424 514189
11425 514172
11426 514153
11427 514136
11430 514123
11433 514104
11436 514094
11439 514081
11442 514066
11444 514051
11445 514035
11448 514018
11449 514004
11451 513989
11453 513974
11454 513959
11456 513948
11457 513937
11459 513926
11462 513914
11463 513899
11466 513885
11469 513865
11471 513847
11474 513828
11475 513809
11476 513795
11479 513775
11482 513758
11484 513742
11486 513723
11489 513707
11491 513691
11493 513675
11494 513657
11496 513646
11499 513630
11500 513613
11502 513599
11504 513587
11507 513567
11509 513553
11510 513542
11513 513526
11515 513507
11517 513493
11519 513473
11520 513460
11521 513441
11524 513424
11526 513405
11529 513391
11532 513372
11533 513358
11536 513338
11539 513318
11540 513305
11543 513285
11544 513272
11546 513255
11549 513237
11551 513220
11554 513207
11557 513191
11560 513174
11561 513163
11564 513151
11566 513141
11568 513129
11570 513114
11572 513103
11575 513091
11578 513075
11580 513059
11581 513044
11582 513026
11583 513013
11586 513000
11588 512981
11590 512966
11591 512947
11594 512929
11597 512914
11600 512900
11603 512887
11605 512877
11606 512861
11608 512843
11610 512825
11613 512808
11616 512789
11619 512776
11621 512764
11622 512744
11623 512731
11625 512716
11628 512698
11629 512678
11630 512668
11632 512651
11635 512638
11638 512618
11639 512601
11641 512587
11642 512571
11643 512556
11644 512537
11645 512519
11648 512505
11649 512488
11651 512469
11653 512449
11654 512430
11655 512420
11656 512408
11658 512398
11659 512388
11662 512375
11664 512357
11665 512343
11666 512332
11668 512317
11671 512301
11673 512286
11674 512275
11675 512256
11677 512239
11680 512229
11682 512218
11684 512207
11685 512189
11687 512172
11688 512161
11690 512146
11693 512128
11694 512115
11696 512104
11697 512091
11698 512071
11701 512057
11704 512038
11705 512019
11707 512006
11709 511988
11712 511978
11714 511964
11716 511950
11719 511937
11722 511922
11725 511907
11727 511895
11728 511885
11729 511868
11731 511855
11733 511843
11735 511824
11738 511809
11741 511792
11743 511778
11744 511763
11747 511743
11749 511730
11750 511710
11752 511691
11755 511674
11757 511655
11759 511644
11761 511630
11763 511620
11764 511610
11767 511594
11768 511577
11771 511563
11774 511553
11776 511533
11779 511513
11782 511497
11785 511484
11786 511465
11787 511451
11789 511438
11790 511424
11792 511411
11795 511397
11798 511378
11801 511368
11803 511348
11804 511334
11807 511315
11810 511296
11813 511286
11816 511267
11818 511252
11821 511239
11822 511225
11825 511205
11827 511192
11828 511179
11829 511159
11832 511145
11833 511131
11834 511111
11836 511099
11837 511084
11840 511067
11841 511056
11842 511045
11843 511032
11846 511021
11849 511005
11852 510987
11854 510973
11857 510955
11859 510944
11862 510933
11863 510922
11866 510904
11868 510886
11870 510867
11873 510857
11874 510841
11877 510829
11879 510819
11880 510807
11881 510787
11882 510772
11883 510754
11886 510740
11887 510722
11889 510706
11890 510691
11892 510676
11893 510656
11894 510646
11897 510633
11898 510618
11899 510602
11902 510586
11905 510574
11906 510556
11907 510542
11909 510522
11912 510505
11915 510485
11918 510469
11920 510457
11921 510445
11923 510431
11924 510413
11925 510396
11926 510377
11928 510358
11931 510338
11932 510324
11933 510305
11936 510292
11938 510277
11940 510261
11941 510249
11944 510232
11945 510222
11948 510207
11950 510195
11951 510178
11954 510163
11955 510150
11957 510134
11959 510118
11960 510105
11961 510085
11964 510067
11967 510052
11969 510035
11970 510015
11973 510004
11974 509987
11976 509971
11979 509960
11982 509944
11985 509929
11988 509912
11991 509892
11993 509876
11995 509863
11998 509846
11999 509826
12000 509808
12003 509797
12005 509777
12008 509758
12011 509747
12013 509730
12014 509714
12017 509702
12018 509688
12019 509670
12022 509656
12024 509643
12025 509623
12028 509610
12031 509593
12032 509575
12033 509561
12034 509542
12036 509529
12038 509516
12040 0
