425
1 3708658537842348860
3354767392422446272 1321793180705374333
6637134482905733093 825723007255805735
7583630208414494105 423783499100263944
8339882098938695651 194628622790981532
9132035879672213821 126636038205552906
9152105337871573136 107978881598910154
9179168111627173319 103940034824465294
9188818384086451711 80072462779643211
9190811694504228728 67970837108648951
9206354958596125817 37251884637698742
9208484173239027056 35841229721787719
9222512493886661383 5347492734895051
9222939425287866914 2881455353974588
9223095147616304628 1561693241879042
9223229277113753897 1523249684313052
9223353204945634222 1515657294552056
9223371957182635843 739063040874606
9223372023717951833 121964079657167
9223372026495550635 116033900008355
9223372027233863478 98745448202031
9223372029289085176 92267701257993
9223372032983695803 12099687594951
9223372035420239014 4099218317033
9223372036255131206 3181926985566
9223372036807008666 2042193835471
9223372036849575068 1242136370127
9223372036852817765 1178034576205
9223372036854153149 907857542364
9223372036854579533 791541997463
9223372036854599804 346938455035
9223372036854749314 162100172219
9223372036854763465 162011855081
9223372036854771389 38214897657
9223372036854772283 33110841872
9223372036854774481 12291384517
9223372036854774738 2938028583
9223372036854775191 745574771
9223372036854775363 657823422
9223372036854775394 23682085
9223372036854775415 10575776
9223372036854775421 7953424
9223372036854775422 1521822
9223372036854775423 1057451
9223372036854775424 994817
9223372036854775425 204912
9223372036854775426 45397
9223372036854775427 26560
9223372036854775428 11475
9223372036854775429 9677
9223372036854775430 8461
9223372036854775431 2766
9223372036854775432 792
9223372036854775433 679
9223372036854775434 644
9223372036854775435 489
9223372036854775436 447
9223372036854775437 425
9223372036854775438 399
9223372036854775439 366
9223372036854775440 365
9223372036854775441 364
9223372036854775442 363
9223372036854775443 362
9223372036854775444 361
9223372036854775445 360
9223372036854775446 359
9223372036854775447 358
9223372036854775448 357
9223372036854775449 356
9223372036854775450 355
9223372036854775451 354
9223372036854775452 353
9223372036854775453 352
9223372036854775454 351
9223372036854775455 350
9223372036854775456 349
9223372036854775457 348
9223372036854775458 347
9223372036854775459 346
9223372036854775460 345
9223372036854775461 344
9223372036854775462 343
9223372036854775463 342
9223372036854775464 341
9223372036854775465 340
9223372036854775466 339
9223372036854775467 338
9223372036854775468 337
9223372036854775469 336
9223372036854775470 335
9223372036854775471 334
9223372036854775472 333
9223372036854775473 332
9223372036854775474 331
9223372036854775475 330
9223372036854775476 329
9223372036854775477 328
9223372036854775478 327
9223372036854775479 326
9223372036854775480 325
9223372036854775481 324
9223372036854775482 323
9223372036854775483 322
9223372036854775484 321
9223372036854775485 320
9223372036854775486 319
9223372036854775487 318
9223372036854775488 317
9223372036854775489 316
9223372036854775490 315
9223372036854775491 314
9223372036854775492 313
9223372036854775493 312
9223372036854775494 311
9223372036854775495 310
9223372036854775496 309
9223372036854775497 308
9223372036854775498 307
9223372036854775499 306
9223372036854775500 305
9223372036854775501 304
9223372036854775502 303
9223372036854775503 302
9223372036854775504 301
9223372036854775505 300
9223372036854775506 299
9223372036854775507 298
9223372036854775508 297
9223372036854775509 296
9223372036854775510 295
9223372036854775511 294
9223372036854775512 293
9223372036854775513 292
9223372036854775514 291
9223372036854775515 290
9223372036854775516 289
9223372036854775517 288
9223372036854775518 287
9223372036854775519 286
9223372036854775520 285
9223372036854775521 284
9223372036854775522 283
9223372036854775523 282
9223372036854775524 281
9223372036854775525 280
9223372036854775526 279
9223372036854775527 278
9223372036854775528 277
9223372036854775529 276
9223372036854775530 275
9223372036854775531 274
9223372036854775532 273
9223372036854775533 272
9223372036854775534 271
9223372036854775535 270
9223372036854775536 269
9223372036854775537 268
9223372036854775538 267
9223372036854775539 266
9223372036854775540 265
9223372036854775541 264
9223372036854775542 263
9223372036854775543 262
9223372036854775544 261
9223372036854775545 260
9223372036854775546 259
9223372036854775547 258
9223372036854775548 257
9223372036854775549 256
9223372036854775550 255
9223372036854775551 254
9223372036854775552 253
9223372036854775553 252
9223372036854775554 251
9223372036854775555 250
9223372036854775556 249
9223372036854775557 248
9223372036854775558 247
9223372036854775559 246
9223372036854775560 245
9223372036854775561 244
9223372036854775562 243
9223372036854775563 242
9223372036854775564 241
9223372036854775565 240
9223372036854775566 239
9223372036854775567 238
9223372036854775568 237
9223372036854775569 236
9223372036854775570 235
9223372036854775571 234
9223372036854775572 233
9223372036854775573 232
9223372036854775574 231
9223372036854775575 230
9223372036854775576 229
9223372036854775577 228
9223372036854775578 227
9223372036854775579 226
9223372036854775580 225
9223372036854775581 224
9223372036854775582 223
9223372036854775583 222
9223372036854775584 221
9223372036854775585 220
9223372036854775586 219
9223372036854775587 218
9223372036854775588 217
9223372036854775589 216
9223372036854775590 215
9223372036854775591 214
9223372036854775592 213
9223372036854775593 212
9223372036854775594 211
9223372036854775595 210
9223372036854775596 209
9223372036854775597 208
9223372036854775598 207
9223372036854775599 206
9223372036854775600 205
9223372036854775601 204
9223372036854775602 203
9223372036854775603 202
9223372036854775604 201
9223372036854775605 200
9223372036854775606 199
9223372036854775607 198
9223372036854775608 197
9223372036854775609 196
9223372036854775610 195
9223372036854775611 194
9223372036854775612 193
9223372036854775613 192
9223372036854775614 191
9223372036854775615 190
9223372036854775616 189
9223372036854775617 188
9223372036854775618 187
9223372036854775619 186
9223372036854775620 185
9223372036854775621 184
9223372036854775622 183
9223372036854775623 182
9223372036854775624 181
9223372036854775625 180
9223372036854775626 179
9223372036854775627 178
9223372036854775628 177
9223372036854775629 176
9223372036854775630 175
9223372036854775631 174
9223372036854775632 173
9223372036854775633 172
9223372036854775634 171
9223372036854775635 170
9223372036854775636 169
9223372036854775637 168
9223372036854775638 167
9223372036854775639 166
9223372036854775640 165
9223372036854775641 164
9223372036854775642 163
9223372036854775643 162
9223372036854775644 161
9223372036854775645 160
9223372036854775646 159
9223372036854775647 158
9223372036854775648 157
9223372036854775649 156
9223372036854775650 155
9223372036854775651 154
9223372036854775652 153
9223372036854775653 152
9223372036854775654 151
9223372036854775655 150
9223372036854775656 149
9223372036854775657 148
9223372036854775658 147
9223372036854775659 146
9223372036854775660 145
9223372036854775661 144
9223372036854775662 143
9223372036854775663 142
9223372036854775664 141
9223372036854775665 140
9223372036854775666 139
9223372036854775667 138
9223372036854775668 137
9223372036854775669 136
9223372036854775670 135
9223372036854775671 134
9223372036854775672 133
9223372036854775673 132
9223372036854775674 131
9223372036854775675 130
9223372036854775676 129
9223372036854775677 128
9223372036854775678 127
9223372036854775679 126
9223372036854775680 125
9223372036854775681 124
9223372036854775682 123
9223372036854775683 122
9223372036854775684 121
9223372036854775685 120
9223372036854775686 119
9223372036854775687 118
9223372036854775688 117
9223372036854775689 116
9223372036854775690 115
9223372036854775691 114
9223372036854775692 113
9223372036854775693 112
9223372036854775694 111
9223372036854775695 110
9223372036854775696 109
9223372036854775697 108
9223372036854775698 107
9223372036854775699 106
9223372036854775700 105
9223372036854775701 104
9223372036854775702 103
9223372036854775703 102
9223372036854775704 101
9223372036854775705 100
9223372036854775706 99
9223372036854775707 98
9223372036854775708 97
9223372036854775709 96
9223372036854775710 95
9223372036854775711 94
9223372036854775712 93
9223372036854775713 92
9223372036854775714 91
9223372036854775715 90
9223372036854775716 89
9223372036854775717 88
9223372036854775718 87
9223372036854775719 86
9223372036854775720 85
9223372036854775721 84
9223372036854775722 83
9223372036854775723 82
9223372036854775724 81
9223372036854775725 80
9223372036854775726 79
9223372036854775727 78
9223372036854775728 77
9223372036854775729 76
9223372036854775730 75
9223372036854775731 74
9223372036854775732 73
9223372036854775733 72
9223372036854775734 71
9223372036854775735 70
9223372036854775736 69
9223372036854775737 68
9223372036854775738 67
9223372036854775739 66
9223372036854775740 65
9223372036854775741 64
9223372036854775742 63
9223372036854775743 62
9223372036854775744 61
9223372036854775745 60
9223372036854775746 59
9223372036854775747 58
9223372036854775748 57
9223372036854775749 56
9223372036854775750 55
9223372036854775751 54
9223372036854775752 53
9223372036854775753 52
9223372036854775754 51
9223372036854775755 50
9223372036854775756 49
9223372036854775757 48
9223372036854775758 47
9223372036854775759 46
9223372036854775760 45
9223372036854775761 44
9223372036854775762 43
9223372036854775763 42
9223372036854775764 41
9223372036854775765 40
9223372036854775766 39
9223372036854775767 38
9223372036854775768 37
9223372036854775769 36
9223372036854775770 35
9223372036854775771 34
9223372036854775772 33
9223372036854775773 32
9223372036854775774 31
9223372036854775775 30
9223372036854775776 29
9223372036854775777 28
9223372036854775778 27
9223372036854775779 26
9223372036854775780 25
9223372036854775781 24
9223372036854775782 23
9223372036854775783 22
9223372036854775784 21
9223372036854775785 20
9223372036854775786 19
9223372036854775787 18
9223372036854775788 17
9223372036854775789 16
9223372036854775790 15
9223372036854775791 14
9223372036854775792 13
9223372036854775793 12
9223372036854775794 11
9223372036854775795 10
9223372036854775796 9
9223372036854775797 8
9223372036854775798 7
9223372036854775799 6
9223372036854775800 5
9223372036854775801 4
9223372036854775802 3
9223372036854775803 2
9223372036854775804 0
