127
1 8065
32639 618
48269 379
49796 274
49836 178
49852 165
49864 129
49874 128
49876 123
49879 118
49881 117
49882 116
49883 115
49884 114
49885 113
49886 112
49887 111
49888 110
49889 109
49890 108
49891 107
49892 106
49893 105
49894 104
49895 103
49896 102
49897 101
49898 100
49899 99
49900 98
49901 97
49902 96
49903 95
49904 94
49905 93
49906 92
49907 91
49908 90
49909 89
49910 88
49911 87
49912 86
49913 85
49914 84
49915 83
49916 82
49917 81
49918 80
49919 79
49920 78
49921 77
49922 76
49923 75
49924 74
49925 73
49926 72
49927 71
49928 70
49929 69
49930 68
49931 67
49932 66
49933 65
49934 64
49935 63
49936 62
49937 61
49938 60
49939 59
49940 58
49941 57
49942 56
49943 55
49944 54
49945 53
49946 52
49947 51
49948 50
49949 49
49950 48
49951 47
49952 46
49953 45
49954 44
49955 43
49956 42
49957 41
49958 40
49959 39
49960 38
49961 37
49962 36
49963 35
49964 34
49965 33
49966 32
49967 31
49968 30
49969 29
49970 28
49971 27
49972 26
49973 25
49974 24
49975 23
49976 22
49977 21
49978 20
49979 19
49980 18
49981 17
49982 16
49983 15
49984 14
49985 13
49986 12
49987 11
49988 10
49989 9
49990 8
49991 7
49992 6
49993 5
49994 4
49995 3
49996 2
49997 0
