6000
1 11987
6 11983
11 11982
12 11972
15 11970
19 11968
24 11962
29 11959
34 11957
39 11946
40 11942
44 11940
45 11929
49 11926
50 11924
55 11909
58 11906
59 11904
62 11898
66 11894
71 11893
72 11878
77 11874
81 11872
85 11857
89 11854
90 11851
95 11839
100 11834
105 11831
108 11824
113 11822
115 11820
119 11812
120 11807
121 11806
125 11799
126 11797
130 11796
133 11790
136 11787
139 11785
142 11772
146 11767
149 11766
154 11755
156 11750
160 11747
165 11739
169 11736
171 11733
173 11728
176 11723
180 11721
181 11716
184 11712
187 11710
190 11703
195 11699
199 11698
204 11692
208 11688
211 11686
214 11671
217 11668
218 11667
222 11660
224 11656
228 11654
231 11646
236 11641
237 11638
240 11629
241 11624
243 11621
244 11610
249 11605
251 11604
253 11590
254 11588
259 11586
263 11580
267 11578
269 11577
272 11563
274 11561
278 11559
280 11551
283 11548
286 11546
290 11537
292 11533
297 11530
302 11515
306 11513
310 11512
314 11503
316 11498
320 11495
323 11480
324 11477
329 11476
333 11461
335 11456
336 11453
338 11442
339 11439
341 11437
344 11429
345 11427
346 11425
348 11420
350 11415
353 11413
358 11401
362 11396
363 11395
368 11385
373 11380
377 11378
380 11369
382 11365
385 11364
390 11355
395 11351
397 11350
402 11341
405 11338
408 11337
411 11330
414 11325
418 11322
423 11311
424 11307
426 11304
428 11292
432 11287
434 11286
438 11280
443 11276
444 11275
448 11263
453 11260
457 11259
461 11248
462 11246
467 11243
468 11231
472 11229
473 11226
474 11217
477 11213
480 11210
483 11205
488 11202
493 11201
494 11195
495 11192
499 11191
502 11186
506 11184
509 11181
513 11176
518 11174
520 11171
524 11158
529 11156
532 11154
533 11149
536 11145
537 11142
540 11129
542 11126
544 11125
547 11110
549 11105
553 11104
556 11097
557 11094
558 11093
559 11082
564 11077
565 11076
568 11064
569 11059
572 11056
575 11051
577 11046
582 11044
583 11036
586 11033
589 11031
591 11026
592 11022
596 11019
598 11008
600 11006
604 11003
606 10989
609 10987
612 10984
617 10972
621 10967
622 10964
623 10951
627 10947
630 10946
633 10935
635 10933
636 10930
637 10922
638 10920
640 10918
643 10913
644 10910
646 10907
649 10898
654 10893
657 10892
662 10887
663 10883
668 10880
670 10867
671 10862
673 10859
675 10844
679 10839
681 10837
683 10823
686 10821
687 10818
691 10813
695 10810
698 10807
700 10799
704 10795
709 10794
712 10782
713 10780
714 10779
715 10764
718 10762
721 10760
724 10754
726 10751
728 10748
729 10742
731 10737
735 10736
736 10730
739 10726
741 10725
742 10713
745 10711
750 10709
751 10698
752 10695
753 10694
755 10681
758 10676
759 10673
763 10665
768 10661
773 10660
778 10655
783 10650
788 10647
790 10638
794 10635
797 10632
800 10618
801 10615
805 10613
808 10605
812 10602
814 10599
817 10590
819 10586
820 10583
823 10576
828 10574
831 10572
833 10562
837 10557
841 10554
842 10546
843 10542
845 10541
848 10528
851 10526
853 10525
854 10510
855 10505
857 10504
859 10489
864 10485
866 10483
868 10472
872 10469
874 10466
878 10454
879 10450
883 10449
885 10438
887 10433
889 10432
894 10422
898 10417
901 10414
904 10401
908 10399
913 10396
918 10382
922 10378
923 10377
924 10369
929 10366
931 10363
932 10348
936 10344
940 10342
942 10327
944 10324
949 10323
950 10318
951 10314
956 10311
960 10304
965 10300
968 10299
972 10290
976 10285
979 10282
982 10271
986 10266
988 10263
992 10251
997 10248
1000 10246
1001 10233
1006 10230
1011 10227
1012 10218
1013 10213
1017 10211
1020 10203
1021 10199
1026 10197
1031 10184
1033 10181
1035 10180
1036 10167
1039 10165
1044 10164
1049 10152
1053 10148
1056 10145
1061 10130
1064 10128
1068 10126
1071 10111
1076 10108
1080 10106
1083 10097
1085 10093
1087 10091
1090 10085
1092 10082
1093 10081
1096 10074
1097 10072
1099 10071
1104 10061
1105 10056
1106 10053
1111 10039
1113 10034
1115 10033
1120 10022
1124 10017
1126 10015
1130 10009
1132 10005
1135 10003
1136 9995
1140 9991
1141 9990
1142 9977
1144 9974
1148 9973
1151 9958
1156 9956
1160 9954
1165 9942
1166 9940
1169 9938
1172 9925
1174 9923
1179 9922
1182 9915
1184 9911
1186 9910
1191 9903
1194 9901
1197 9900
1198 9892
1201 9888
1203 9886
1204 9881
1205 9876
1206 9875
1208 9860
1211 9856
1215 9855
1217 9850
1219 9846
1221 9845
1224 9832
1229 9828
1234 9826
1235 9816
1237 9814
1240 9813
1244 9804
1247 9799
1249 9797
1252 9786
1257 9783
1262 9782
1263 9770
1268 9767
1272 9764
1275 9757
1280 9752
1284 9751
1285 9740
1288 9737
1291 9734
1293 9720
1294 9717
1295 9716
1300 9706
1303 9702
1306 9699
1310 9685
1312 9681
1315 9679
1319 9674
1322 9671
1325 9670
1329 9661
1333 9658
1338 9655
1341 9642
1346 9637
1348 9635
1350 9624
1351 9620
1356 9618
1358 9604
1363 9601
1368 9598
1372 9583
1375 9578
1376 9577
1381 9571
1382 9568
1385 9565
1388 9551
1392 9548
1396 9546
1398 9541
1402 9539
1406 9538
1411 9527
1413 9523
1414 9522
1416 9511
1421 9509
1424 9506
1426 9496
1428 9492
1430 9490
1435 9483
1439 9480
1444 9478
1449 9473
1453 9471
1458 9468
1463 9458
1467 9455
1471 9454
1474 9439
1475 9436
1477 9435
1481 9426
1484 9424
1486 9422
1487 9409
1488 9407
1491 9404
1493 9395
1498 9392
1500 9389
1503 9384
1506 9381
1511 9378
1514 9368
1517 9366
1521 9363
1525 9350
1527 9348
1530 9347
1532 9335
1537 9330
1538 9327
1540 9322
1543 9317
1545 9315
1546 9306
1548 9301
1552 9298
1554 9290
1557 9285
1559 9283
1562 9269
1566 9266
1567 9265
1568 9250
1573 9245
1574 9242
1576 9230
1580 9227
1581 9225
1586 9217
1590 9213
1591 9210
1592 9204
1593 9200
1595 9198
1599 9193
1600 9188
1604 9186
1607 9176
1608 9173
1610 9172
1611 9157
1616 9153
1617 9151
1620 9136
1621 9134
1625 9132
1628 9117
1630 9113
1631 9112
1636 9105
1638 9101
1640 9098
1643 9089
1646 9084
1651 9083
1656 9076
1657 9074
1661 9071
1663 9058
1668 9055
1670 9053
1671 9040
1675 9037
1679 9034
1683 9024
1688 9022
1690 9020
1692 9012
1697 9009
1698 9007
1700 9000
1703 8997
1706 8994
1711 8987
1714 8985
1715 8983
1717 8971
1720 8967
1725 8966
1729 8960
1730 8956
1734 8953
1736 8944
1738 8942
1742 8941
1743 8933
1745 8928
1747 8927
1748 8912
1752 8907
1754 8905
1755 8892
1756 8887
1759 8884
1763 8875
1765 8870
1768 8869
1771 8857
1776 8855
1778 8854
1780 8847
1784 8844
1785 8841
1787 8827
1788 8822
1789 8819
1794 8807
1795 8803
1796 8802
1797 8791
1799 8788
1803 8786
1806 8775
1807 8770
1812 8767
1815 8758
1816 8754
1820 8752
1821 8744
1823 8740
1826 8738
1830 8727
1833 8723
1836 8722
1839 8707
1843 8705
1848 8703
1853 8698
1858 8693
1860 8690
1863 8677
1864 8673
1868 8672
1873 8666
1874 8662
1878 8659
1880 8648
1884 8643
1889 8640
1890 8625
1892 8623
1895 8620
1897 8615
1899 8612
1901 8610
1905 8598
1908 8593
1909 8592
1911 8583
1916 8580
1920 8578
1924 8565
1929 8562
1930 8559
1933 8551
1937 8546
1938 8544
1939 8529
1944 8524
1949 8523
1951 8508
1955 8504
1959 8502
1960 8487
1964 8485
1967 8482
1971 8473
1975 8468
1976 8466
1977 8460
1982 8458
1986 8455
1988 8445
1989 8441
1993 8438
1995 8429
1998 8426
2003 8423
2004 8409
2007 8404
2009 8401
2013 8391
2018 8389
2020 8386
2021 8380
2023 8377
2028 8375
2029 8366
2032 8361
2033 8359
2036 8349
2041 8346
2043 8343
2045 8331
2046 8329
2050 8328
2053 8321
2054 8319
2059 8316
2062 8310
2063 8308
2067 8307
2068 8301
2069 8297
2070 8294
2074 8284
2078 8280
2083 8277
2084 8266
2089 8262
2094 8259
2097 8246
2102 8243
2106 8242
2109 8235
2113 8232
2114 8229
2116 8219
2118 8216
2120 8215
2123 8209
2127 8205
2128 8203
2132 8188
2137 8184
2142 8182
2145 8171
2147 8166
2148 8163
2151 8157
2156 8154
2160 8151
2164 8144
2168 8141
2172 8140
2177 8134
2180 8130
2181 8129
2183 8119
2185 8117
2187 8114
2192 8103
2196 8100
2198 8098
2203 8091
2205 8089
2207 8086
2211 8076
2213 8073
2217 8072
2219 8061
2222 8058
2227 8057
2231 8047
2234 8044
2236 8043
2241 8032
2245 8028
2250 8027
2254 8017
2255 8013
2257 8011
2258 7998
2261 7995
2262 7993
2265 7987
2269 7984
2274 7983
2277 7976
2280 7974
2281 7971
2282 7957
2284 7955
2287 7954
2290 7942
2291 7939
2296 7938
2297 7927
2300 7922
2302 7921
2304 7914
2306 7910
2311 7908
2313 7901
2317 7899
2318 7896
2321 7883
2325 7878
2327 7877
2328 7865
2329 7860
2333 7857
2338 7850
2343 7846
2345 7843
2349 7835
2354 7832
2356 7829
2361 7818
2366 7814
2371 7812
2375 7804
2380 7801
2382 7799
2385 7789
2386 7787
2390 7784
2395 7777
2398 7775
2401 7774
2406 7766
2409 7762
2410 7759
2411 7745
2414 7743
2417 7740
2421 7727
2425 7724
2429 7722
2432 7710
2437 7708
2439 7707
2440 7699
2445 7695
2446 7692
2449 7684
2451 7679
2455 7678
2460 7666
2465 7663
2469 7661
2470 7653
2471 7651
2474 7648
2476 7638
2478 7636
2483 7635
2487 7625
2488 7623
2492 7620
2494 7608
2495 7606
2497 7603
2502 7597
2505 7593
2506 7590
2507 7583
2509 7578
2511 7576
2514 7567
2517 7562
2518 7561
2522 7550
2525 7545
2530 7543
2533 7528
2534 7523
2536 7522
2538 7517
2541 7515
2542 7514
2543 7508
2545 7504
2547 7503
2550 7497
2553 7495
2557 7492
2562 7481
2567 7479
2571 7477
2575 7470
2579 7467
2584 7465
2589 7457
2592 7452
2593 7451
2597 7443
2600 7440
2604 7437
2605 7422
2608 7419
2612 7416
2614 7409
2615 7404
2620 7402
2621 7396
2624 7392
2626 7389
2627 7375
2631 7373
2633 7371
2635 7358
2638 7353
2640 7350
2643 7345
2648 7341
2651 7338
2653 7332
2654 7328
2659 7326
2663 7314
2667 7311
2668 7308
2670 7295
2671 7293
2676 7291
2679 7280
2682 7276
2684 7273
2689 7266
2693 7262
2696 7261
2699 7247
2704 7242
2708 7240
2712 7231
2715 7227
2717 7225
2722 7215
2724 7210
2725 7208
2726 7197
2730 7193
2735 7192
2737 7177
2738 7173
2742 7170
2747 7164
2749 7161
2752 7158
2756 7148
2757 7145
2762 7144
2765 7139
2767 7136
2769 7135
2773 7124
2778 7121
2780 7119
2781 7112
2784 7110
2788 7107
2791 7093
2796 7088
2800 7086
2801 7078
2802 7076
2805 7075
2810 7068
2811 7066
2815 7064
2816 7052
2819 7050
2821 7049
2826 7036
2827 7034
2828 7032
2829 7021
2831 7017
2833 7016
2838 7004
2839 7001
2843 6998
2845 6984
2848 6981
2851 6978
2854 6964
2858 6960
2862 6958
2864 6952
2868 6950
2869 6948
2872 6938
2876 6935
2880 6933
2883 6928
2884 6923
2885 6920
2888 6914
2892 6909
2896 6907
2897 6900
2898 6895
2903 6893
2906 6888
2910 6884
2911 6883
2912 6876
2917 6873
2922 6871
2926 6865
2931 6860
2935 6857
2939 6845
2944 6841
2947 6840
2948 6826
2949 6822
2954 6821
2955 6815
2960 6813
2962 6812
2964 6805
2967 6802
2971 6799
2972 6791
2975 6789
2980 6787
2981 6782
2986 6777
2989 6776
2990 6768
2992 6766
2996 6764
3001 6759
3005 6756
3008 6753
3010 6743
3015 6740
3019 6737
3020 6730
3021 6727
3023 6725
3027 6712
3029 6707
3031 6705
3035 6690
3036 6687
3037 6684
3041 6669
3045 6664
3050 6661
3053 6648
3056 6645
3058 6642
3060 6636
3063 6632
3067 6631
3070 6624
3072 6619
3075 6617
3079 6609
3083 6607
3088 6604
3090 6591
3095 6589
3097 6588
3102 6583
3106 6578
3110 6575
3113 6570
3114 6567
3118 6565
3122 6558
3126 6554
3130 6551
3133 6540
3136 6536
3137 6534
3142 6528
3146 6523
3150 6521
3155 6511
3160 6509
3162 6506
3165 6499
3169 6495
3173 6492
3178 6482
3181 6477
3183 6475
3184 6469
3185 6466
3188 6465
3191 6452
3195 6450
3197 6449
3200 6436
3204 6434
3206 6431
3211 6418
3212 6413
3214 6411
3215 6396
3218 6394
3219 6392
3224 6381
3228 6379
3230 6376
3231 6370
3232 6366
3233 6365
3234 6359
3235 6357
3240 6355
3243 6346
3246 6342
3247 6341
3250 6335
3252 6331
3253 6328
3255 6320
3259 6316
3264 6314
3266 6301
3268 6298
3272 6297
3273 6292
3275 6287
3278 6285
3282 6280
3286 6276
3290 6273
3295 6258
3299 6256
3300 6253
3303 6246
3305 6242
3309 6241
3312 6232
3316 6229
3318 6226
3322 6220
3327 6215
3330 6212
3331 6207
3332 6205
3333 6204
3338 6196
3339 6192
3343 6189
3345 6178
3346 6176
3349 6173
3354 6166
3357 6161
3361 6160
3362 6153
3365 6148
3370 6147
3373 6141
3374 6139
3378 6136
3382 6130
3387 6127
3391 6124
3394 6116
3398 6113
3403 6110
3407 6100
3411 6096
3415 6094
3417 6079
3422 6077
3423 6076
3427 6069
3428 6065
3430 6064
3435 6050
3439 6047
3444 6044
3448 6035
3450 6032
3452 6029
3456 6019
3461 6014
3463 6011
3468 6005
3473 6003
3478 6000
3483 5986
3488 5984
3490 5982
3494 5976
3495 5972
3498 5970
3500 5957
3501 5952
3505 5951
3509 5940
3513 5936
3517 5935
3518 5924
3521 5922
3525 5921
3528 5915
3529 5913
3532 5910
3534 5900
3539 5897
3543 5895
3548 5889
3550 5886
3552 5884
3556 5870
3561 5868
3562 5867
3564 5856
3569 5854
3571 5853
3576 5838
3579 5835
3580 5833
3583 5818
3587 5813
3588 5810
3591 5800
3596 5795
3598 5794
3599 5781
3601 5778
3604 5777
3607 5766
3610 5762
3615 5760
3617 5754
3622 5751
3625 5749
3628 5740
3632 5736
3634 5735
3638 5722
3643 5718
3644 5715
3645 5706
3648 5701
3652 5699
3653 5691
3656 5686
3661 5685
3662 5679
3665 5674
3666 5671
3670 5659
3672 5657
3674 5654
3678 5644
3681 5640
3685 5637
3690 5625
3695 5622
3700 5620
3704 5606
3706 5603
3709 5600
3712 5592
3717 5589
3721 5588
3724 5576
3726 5571
3730 5568
3735 5556
3737 5551
3739 5549
3743 5544
3747 5540
3748 5539
3753 5532
3756 5527
3761 5526
3766 5515
3768 5512
3769 5511
3772 5503
3775 5499
3777 5498
3781 5484
3784 5479
3785 5477
3790 5463
3795 5461
3797 5460
3799 5445
3803 5440
3804 5438
3807 5427
3808 5422
3810 5420
3813 5413
3816 5411
3818 5410
3823 5405
3824 5403
3829 5402
3830 5393
3832 5390
3837 5389
3838 5378
3841 5376
3842 5375
3846 5370
3848 5368
3850 5367
3855 5356
3860 5354
3861 5351
3862 5340
3863 5336
3866 5335
3870 5330
3872 5328
3877 5326
3879 5317
3883 5313
3884 5311
3885 5306
3887 5304
3892 5301
3896 5293
3897 5289
3898 5288
3901 5283
3906 5278
3908 5276
3912 5266
3915 5263
3920 5260
3922 5255
3926 5250
3930 5247
3933 5242
3937 5240
3942 5239
3947 5233
3948 5230
3950 5228
3954 5221
3958 5218
3960 5215
3962 5200
3966 5197
3969 5194
3971 5188
3975 5186
3980 5183
3984 5175
3989 5171
3992 5168
3996 5162
3999 5159
4004 5156
4008 5147
4010 5142
4013 5139
4015 5127
4018 5122
4022 5121
4024 5107
4028 5104
4029 5102
4032 5092
4033 5090
4034 5089
4036 5078
4038 5073
4043 5072
4046 5061
4051 5058
4053 5057
4057 5043
4061 5039
4066 5037
4068 5026
4073 5021
4075 5020
4078 5005
4081 5002
4082 5000
4086 4988
4087 4983
4092 4980
4094 4972
4097 4969
4100 4966
4102 4960
4106 4957
4107 4955
4108 4940
4109 4937
4113 4934
4117 4928
4118 4925
4120 4922
4122 4917
4126 4912
4130 4911
4132 4900
4137 4896
4141 4894
4146 4882
4149 4878
4152 4876
4154 4866
4155 4861
4158 4859
4160 4846
4161 4842
4162 4839
4166 4831
4167 4828
4169 4827
4171 4815
4176 4812
4179 4810
4182 4795
4187 4793
4192 4790
4195 4780
4196 4778
4200 4775
4204 4762
4206 4759
4209 4758
4211 4749
4216 4745
4218 4742
4221 4729
4223 4724
4225 4721
4229 4711
4230 4708
4231 4707
4233 4693
4236 4691
4240 4689
4242 4675
4243 4670
4248 4668
4250 4656
4252 4653
4257 4650
4259 4640
4260 4636
4265 4635
4266 4625
4269 4620
4270 4617
4275 4602
4279 4599
4281 4598
4282 4584
4287 4582
4292 4581
4296 4572
4300 4570
4303 4567
4306 4562
4308 4559
4313 4557
4314 4550
4316 4548
4317 4547
4319 4541
4324 4540
4325 4539
4330 4538
4333 4537
4334 4536
4336 4535
4341 4534
4345 4533
4349 4532
4353 4531
4355 4530
4357 4529
4360 4528
4363 4527
4365 4526
4367 4525
4368 4524
4369 4523
4374 4522
4377 4521
4381 4520
4385 4519
4390 4518
4392 4517
4395 4516
4397 4515
4399 4514
4400 4513
4402 4512
4405 4511
4406 4510
4407 4509
4408 4508
4412 4507
4415 4506
4418 4505
4421 4504
4422 4503
4423 4502
4427 4501
4432 4500
4433 4499
4438 4498
4439 4497
4441 4496
4444 4495
4447 4494
4452 4493
4456 4492
4458 4491
4460 4490
4463 4489
4465 4488
4466 4487
4470 4486
4474 4485
4477 4484
4479 4483
4482 4482
4486 4481
4487 4480
4491 4479
4492 4478
4494 4477
4497 4476
4498 4475
4500 4474
4504 4473
4505 4472
4506 4471
4508 4470
4509 4469
4513 4468
4515 4467
4518 4466
4523 4465
4524 4464
4527 4463
4530 4462
4535 4461
4536 4460
4538 4459
4540 4458
4542 4457
4547 4456
4548 4455
4550 4454
4551 4453
4553 4452
4556 4451
4558 4450
4560 4449
4563 4448
4564 4447
4569 4446
4573 4445
4576 4444
4581 4443
4583 4442
4585 4441
4587 4440
4588 4439
4591 4438
4592 4437
4596 4436
4598 4435
4600 4434
4603 4433
4607 4432
4611 4431
4613 4430
4615 4429
4617 4428
4618 4427
4620 4426
4622 4425
4623 4424
4624 4423
4627 4422
4630 4421
4634 4420
4637 4419
4641 4418
4643 4417
4646 4416
4650 4415
4651 4414
4654 4413
4657 4412
4658 4411
4660 4410
4661 4409
4664 4408
4667 4407
4672 4406
4674 4405
4677 4404
4682 4403
4685 4402
4687 4401
4692 4400
4697 4399
4700 4398
4703 4397
4704 4396
4709 4395
4710 4394
4714 4393
4719 4392
4720 4391
4724 4390
4729 4389
4731 4388
4735 4387
4740 4386
4743 4385
4748 4384
4750 4383
4752 4382
4754 4381
4759 4380
4760 4379
4761 4378
4763 4377
4765 4376
4766 4375
4769 4374
4772 4373
4773 4372
4774 4371
4776 4370
4781 4369
4786 4368
4788 4367
4789 4366
4793 4365
4796 4364
4801 4363
4805 4362
4806 4361
4810 4360
4813 4359
4817 4358
4820 4357
4822 4356
4826 4355
4831 4354
4836 4353
4841 4352
4844 4351
4849 4350
4851 4349
4856 4348
4859 4347
4860 4346
4865 4345
4869 4344
4872 4343
4874 4342
4878 4341
4880 4340
4883 4339
4888 4338
4892 4337
4895 4336
4898 4335
4902 4334
4905 4333
4909 4332
4912 4331
4915 4330
4916 4329
4920 4328
4922 4327
4923 4326
4925 4325
4926 4324
4929 4323
4934 4322
4937 4321
4939 4320
4940 4319
4945 4318
4949 4317
4952 4316
4954 4315
4959 4314
4962 4313
4965 4312
4969 4311
4973 4310
4974 4309
4977 4308
4980 4307
4981 4306
4982 4305
4986 4304
4988 4303
4990 4302
4995 4301
4998 4300
5000 4299
5005 4298
5007 4297
5008 4296
5013 4295
5016 4294
5020 4293
5021 4292
5024 4291
5027 4290
5032 4289
5035 4288
5037 4287
5039 4286
5040 4285
5045 4284
5047 4283
5048 4282
5053 4281
5054 4280
5057 4279
5058 4278
5059 4277
5064 4276
5068 4275
5073 4274
5078 4273
5083 4272
5087 4271
5091 4270
5095 4269
5100 4268
5105 4267
5107 4266
5109 4265
5110 4264
5112 4263
5114 4262
5115 4261
5119 4260
5122 4259
5127 4258
5130 4257
5132 4256
5137 4255
5139 4254
5141 4253
5142 4252
5144 4251
5146 4250
5151 4249
5152 4248
5155 4247
5159 4246
5162 4245
5167 4244
5171 4243
5176 4242
5178 4241
5181 4240
5183 4239
5184 4238
5186 4237
5189 4236
5192 4235
5193 4234
5196 4233
5201 4232
5206 4231
5209 4230
5211 4229
5213 4228
5215 4227
5218 4226
5223 4225
5227 4224
5229 4223
5233 4222
5235 4221
5236 4220
5238 4219
5241 4218
5244 4217
5247 4216
5251 4215
5252 4214
5257 4213
5260 4212
5265 4211
5267 4210
5272 4209
5277 4208
5278 4207
5283 4206
5284 4205
5286 4204
5290 4203
5293 4202
5295 4201
5298 4200
5303 4199
5305 4198
5307 4197
5310 4196
5311 4195
5312 4194
5313 4193
5318 4192
5320 4191
5322 4190
5324 4189
5325 4188
5330 4187
5335 4186
5339 4185
5342 4184
5343 4183
5345 4182
5348 4181
5350 4180
5355 4179
5356 4178
5360 4177
5363 4176
5368 4175
5372 4174
5373 4173
5377 4172
5381 4171
5382 4170
5385 4169
5389 4168
5394 4167
5396 4166
5399 4165
5403 4164
5404 4163
5406 4162
5411 4161
5415 4160
5416 4159
5418 4158
5422 4157
5424 4156
5425 4155
5428 4154
5430 4153
5434 4152
5439 4151
5442 4150
5443 4149
5447 4148
5451 4147
5453 4146
5454 4145
5455 4144
5459 4143
5460 4142
5461 4141
5464 4140
5467 4139
5471 4138
5475 4137
5478 4136
5482 4135
5485 4134
5489 4133
5491 4132
5495 4131
5496 4130
5499 4129
5502 4128
5505 4127
5507 4126
5512 4125
5517 4124
5518 4123
5521 4122
5524 4121
5527 4120
5532 4119
5537 4118
5540 4117
5541 4116
5546 4115
5549 4114
5552 4113
5554 4112
5559 4111
5563 4110
5565 4109
5567 4108
5568 4107
5572 4106
5574 4105
5576 4104
5579 4103
5584 4102
5586 4101
5589 4100
5594 4099
5595 4098
5598 4097
5602 4096
5605 4095
5610 4094
5612 4093
5615 4092
5619 4091
5623 4090
5625 4089
5627 4088
5630 4087
5635 4086
5640 4085
5642 4084
5647 4083
5650 4082
5655 4081
5658 4080
5662 4079
5665 4078
5669 4077
5672 4076
5673 4075
5675 4074
5677 4073
5682 4072
5685 4071
5690 4070
5695 4069
5700 4068
5705 4067
5708 4066
5709 4065
5712 4064
5714 4063
5716 4062
5718 4061
5719 4060
5724 4059
5726 4058
5729 4057
5730 4056
5732 4055
5734 4054
5737 4053
5740 4052
5745 4051
5746 4050
5750 4049
5753 4048
5757 4047
5761 4046
5762 4045
5764 4044
5767 4043
5771 4042
5776 4041
5778 4040
5783 4039
5788 4038
5791 4037
5796 4036
5798 4035
5800 4034
5805 4033
5810 4032
5813 4031
5818 4030
5822 4029
5826 4028
5830 4027
5835 4026
5836 4025
5841 4024
5846 4023
5850 4022
5852 4021
5854 4020
5856 4019
5861 4018
5866 4017
5870 4016
5873 4015
5874 4014
5876 4013
5881 4012
5884 4011
5886 4010
5887 4009
5889 4008
5893 4007
5895 4006
5899 4005
5901 4004
5906 4003
5910 4002
5911 4001
5916 4000
5918 3999
5920 3998
5925 3997
5927 3996
5932 3995
5936 3994
5941 3993
5944 3992
5946 3991
5949 3990
5950 3989
5951 3988
5954 3987
5959 3986
5964 3985
5966 3984
5970 3983
5972 3982
5977 3981
5979 3980
5981 3979
5984 3978
5987 3977
5990 3976
5994 3975
5999 3974
6003 3973
6006 3972
6008 3971
6009 3970
6010 3969
6013 3968
6015 3967
6020 3966
6022 3965
6027 3964
6029 3963
6034 3962
6035 3961
6036 3960
6041 3959
6045 3958
6048 3957
6051 3956
6056 3955
6061 3954
6065 3953
6070 3952
6073 3951
6075 3950
6077 3949
6078 3948
6083 3947
6086 3946
6089 3945
6093 3944
6094 3943
6097 3942
6102 3941
6104 3940
6105 3939
6106 3938
6111 3937
6115 3936
6119 3935
6120 3934
6122 3933
6125 3932
6127 3931
6128 3930
6132 3929
6136 3928
6138 3927
6140 3926
6142 3925
6143 3924
6147 3923
6148 3922
6152 3921
6155 3920
6158 3919
6162 3918
6166 3917
6168 3916
6169 3915
6172 3914
6174 3913
6175 3912
6179 3911
6180 3910
6182 3909
6186 3908
6189 3907
6190 3906
6191 3905
6196 3904
6199 3903
6200 3902
6204 3901
6209 3900
6213 3899
6217 3898
6219 3897
6223 3896
6228 3895
6232 3894
6236 3893
6240 3892
6242 3891
6246 3890
6250 3889
6251 3888
6255 3887
6260 3886
6265 3885
6268 3884
6271 3883
6276 3882
6277 3881
6280 3880
6281 3879
6286 3878
6290 3877
6294 3876
6296 3875
6299 3874
6303 3873
6306 3872
6309 3871
6310 3870
6314 3869
6318 3868
6319 3867
6323 3866
6325 3865
6329 3864
6333 3863
6334 3862
6336 3861
6338 3860
6342 3859
6346 3858
6349 3857
6354 3856
6356 3855
6357 3854
6360 3853
6361 3852
6362 3851
6363 3850
6364 3849
6366 3848
6367 3847
6368 3846
6372 3845
6374 3844
6378 3843
6383 3842
6388 3841
6390 3840
6394 3839
6396 3838
6398 3837
6400 3836
6402 3835
6406 3834
6408 3833
6409 3832
6411 3831
6414 3830
6419 3829
6420 3828
6423 3827
6425 3826
6426 3825
6430 3824
6433 3823
6437 3822
6441 3821
6445 3820
6446 3819
6450 3818
6454 3817
6456 3816
6461 3815
6462 3814
6466 3813
6471 3812
6474 3811
6475 3810
6476 3809
6481 3808
6485 3807
6487 3806
6488 3805
6493 3804
6495 3803
6497 3802
6498 3801
6499 3800
6504 3799
6509 3798
6511 3797
6515 3796
6516 3795
6518 3794
6521 3793
6526 3792
6529 3791
6531 3790
6532 3789
6534 3788
6538 3787
6541 3786
6545 3785
6548 3784
6549 3783
6551 3782
6552 3781
6554 3780
6556 3779
6559 3778
6561 3777
6566 3776
6569 3775
6571 3774
6575 3773
6576 3772
6577 3771
6580 3770
6583 3769
6587 3768
6592 3767
6593 3766
6598 3765
6600 3764
6605 3763
6609 3762
6611 3761
6615 3760
6620 3759
6621 3758
6622 3757
6623 3756
6626 3755
6630 3754
6635 3753
6639 3752
6644 3751
6649 3750
6652 3749
6653 3748
6657 3747
6661 3746
6664 3745
6669 3744
6671 3743
6672 3742
6674 3741
6678 3740
6682 3739
6686 3738
6687 3737
6689 3736
6692 3735
6694 3734
6695 3733
6698 3732
6701 3731
6702 3730
6703 3729
6707 3728
6710 3727
6715 3726
6718 3725
6721 3724
6722 3723
6725 3722
6726 3721
6731 3720
6734 3719
6735 3718
6738 3717
6741 3716
6742 3715
6743 3714
6744 3713
6745 3712
6746 3711
6748 3710
6752 3709
6754 3708
6757 3707
6758 3706
6759 3705
6762 3704
6764 3703
6767 3702
6769 3701
6773 3700
6774 3699
6776 3698
6780 3697
6784 3696
6789 3695
6790 3694
6792 3693
6796 3692
6798 3691
6803 3690
6805 3689
6808 3688
6810 3687
6813 3686
6818 3685
6819 3684
6823 3683
6828 3682
6829 3681
6830 3680
6833 3679
6835 3678
6839 3677
6844 3676
6848 3675
6850 3674
6852 3673
6853 3672
6857 3671
6859 3670
6861 3669
6862 3668
6866 3667
6869 3666
6874 3665
6875 3664
6880 3663
6883 3662
6886 3661
6888 3660
6889 3659
6891 3658
6894 3657
6895 3656
6900 3655
6904 3654
6909 3653
6910 3652
6913 3651
6914 3650
6916 3649
6919 3648
6922 3647
6923 3646
6924 3645
6928 3644
6931 3643
6932 3642
6936 3641
6937 3640
6938 3639
6943 3638
6948 3637
6949 3636
6954 3635
6958 3634
6963 3633
6966 3632
6969 3631
6971 3630
6976 3629
6978 3628
6979 3627
6984 3626
6986 3625
6990 3624
6991 3623
6996 3622
6997 3621
7001 3620
7006 3619
7009 3618
7012 3617
7013 3616
7018 3615
7022 3614
7025 3613
7030 3612
7035 3611
7039 3610
7041 3609
7046 3608
7050 3607
7055 3606
7060 3605
7065 3604
7069 3603
7070 3602
7074 3601
7077 3600
7079 3599
7084 3598
7086 3597
7089 3596
7092 3595
7095 3594
7096 3593
7100 3592
7105 3591
7107 3590
7112 3589
7117 3588
7118 3587
7120 3586
7125 3585
7128 3584
7131 3583
7133 3582
7138 3581
7142 3580
7144 3579
7147 3578
7148 3577
7152 3576
7153 3575
7155 3574
7157 3573
7160 3572
7164 3571
7165 3570
7169 3569
7173 3568
7177 3567
7179 3566
7183 3565
7186 3564
7188 3563
7191 3562
7192 3561
7195 3560
7197 3559
7201 3558
7203 3557
7207 3556
7211 3555
7214 3554
7217 3553
7222 3552
7224 3551
7226 3550
7230 3549
7232 3548
7235 3547
7240 3546
7245 3545
7249 3544
7250 3543
7255 3542
7257 3541
7262 3540
7263 3539
7267 3538
7272 3537
7276 3536
7281 3535
7284 3534
7287 3533
7292 3532
7297 3531
7299 3530
7302 3529
7304 3528
7308 3527
7310 3526
7315 3525
7317 3524
7318 3523
7319 3522
7320 3521
7321 3520
7324 3519
7327 3518
7331 3517
7334 3516
7339 3515
7342 3514
7346 3513
7350 3512
7353 3511
7355 3510
7360 3509
7364 3508
7365 3507
7367 3506
7372 3505
7376 3504
7377 3503
7381 3502
7382 3501
7384 3500
7385 3499
7389 3498
7390 3497
7393 3496
7397 3495
7402 3494
7405 3493
7410 3492
7413 3491
7414 3490
7418 3489
7419 3488
7420 3487
7423 3486
7427 3485
7430 3484
7431 3483
7432 3482
7434 3481
7435 3480
7440 3479
7441 3478
7446 3477
7450 3476
7452 3475
7454 3474
7455 3473
7456 3472
7461 3471
7464 3470
7469 3469
7472 3468
7475 3467
7479 3466
7481 3465
7486 3464
7489 3463
7493 3462
7497 3461
7500 3460
7505 3459
7509 3458
7511 3457
7514 3456
7517 3455
7519 3454
7522 3453
7526 3452
7527 3451
7529 3450
7532 3449
7534 3448
7537 3447
7539 3446
7542 3445
7543 3444
7548 3443
7549 3442
7552 3441
7553 3440
7554 3439
7557 3438
7561 3437
7563 3436
7565 3435
7569 3434
7571 3433
7572 3432
7574 3431
7578 3430
7583 3429
7588 3428
7593 3427
7595 3426
7599 3425
7603 3424
7606 3423
7611 3422
7615 3421
7616 3420
7620 3419
7621 3418
7626 3417
7627 3416
7628 3415
7632 3414
7634 3413
7639 3412
7641 3411
7642 3410
7643 3409
7644 3408
7649 3407
7651 3406
7654 3405
7657 3404
7660 3403
7663 3402
7665 3401
7668 3400
7669 3399
7672 3398
7675 3397
7677 3396
7679 3395
7682 3394
7685 3393
7690 3392
7692 3391
7696 3390
7701 3389
7704 3388
7708 3387
7711 3386
7714 3385
7715 3384
7716 3383
7720 3382
7725 3381
7727 3380
7728 3379
7729 3378
7731 3377
7733 3376
7735 3375
7736 3374
7737 3373
7742 3372
7746 3371
7751 3370
7753 3369
7754 3368
7756 3367
7758 3366
7759 3365
7762 3364
7766 3363
7767 3362
7769 3361
7772 3360
7776 3359
7780 3358
7782 3357
7784 3356
7789 3355
7791 3354
7796 3353
7799 3352
7801 3351
7802 3350
7804 3349
7806 3348
7809 3347
7813 3346
7817 3345
7819 3344
7823 3343
7825 3342
7830 3341
7831 3340
7833 3339
7834 3338
7836 3337
7841 3336
7843 3335
7848 3334
7850 3333
7854 3332
7856 3331
7859 3330
7861 3329
7862 3328
7865 3327
7868 3326
7872 3325
7877 3324
7878 3323
7882 3322
7887 3321
7890 3320
7892 3319
7893 3318
7896 3317
7901 3316
7902 3315
7904 3314
7905 3313
7908 3312
7913 3311
7918 3310
7922 3309
7924 3308
7929 3307
7933 3306
7934 3305
7936 3304
7939 3303
7944 3302
7948 3301
7949 3300
7952 3299
7953 3298
7958 3297
7962 3296
7967 3295
7969 3294
7974 3293
7976 3292
7980 3291
7983 3290
7988 3289
7990 3288
7995 3287
8000 3286
8001 3285
8002 3284
8004 3283
8005 3282
8006 3281
8011 3280
8014 3279
8019 3278
8023 3277
8028 3276
8029 3275
8033 3274
8034 3273
8035 3272
8037 3271
8040 3270
8045 3269
8047 3268
8051 3267
8053 3266
8054 3265
8058 3264
8060 3263
8065 3262
8066 3261
8071 3260
8074 3259
8077 3258
8080 3257
8082 3256
8084 3255
8086 3254
8090 3253
8095 3252
8100 3251
8105 3250
8106 3249
8108 3248
8113 3247
8118 3246
8122 3245
8123 3244
8125 3243
8130 3242
8134 3241
8139 3240
8142 3239
8147 3238
8149 3237
8152 3236
8157 3235
8159 3234
8162 3233
8164 3232
8169 3231
8172 3230
8175 3229
8180 3228
8181 3227
8186 3226
8190 3225
8192 3224
8194 3223
8195 3222
8199 3221
8203 3220
8206 3219
8211 3218
8216 3217
8218 3216
8223 3215
8226 3214
8230 3213
8232 3212
8233 3211
8235 3210
8237 3209
8242 3208
8245 3207
8249 3206
8251 3205
8252 3204
8256 3203
8259 3202
8262 3201
8263 3200
8266 3199
8267 3198
8268 3197
8269 3196
8272 3195
8274 3194
8278 3193
8279 3192
8284 3191
8289 3190
8293 3189
8294 3188
8296 3187
8299 3186
8300 3185
8301 3184
8302 3183
8306 3182
8307 3181
8312 3180
8315 3179
8316 3178
8319 3177
8322 3176
8324 3175
8329 3174
8333 3173
8334 3172
8339 3171
8342 3170
8344 3169
8349 3168
8351 3167
8354 3166
8356 3165
8358 3164
8361 3163
8366 3162
8370 3161
8375 3160
8376 3159
8379 3158
8380 3157
8385 3156
8388 3155
8393 3154
8394 3153
8399 3152
8404 3151
8407 3150
8408 3149
8412 3148
8417 3147
8421 3146
8422 3145
8424 3144
8426 3143
8429 3142
8431 3141
8436 3140
8441 3139
8442 3138
8447 3137
8449 3136
8454 3135
8458 3134
8461 3133
8462 3132
8465 3131
8470 3130
8472 3129
8476 3128
8478 3127
8479 3126
8483 3125
8488 3124
8491 3123
8496 3122
8498 3121
8499 3120
8501 3119
8502 3118
8506 3117
8509 3116
8511 3115
8512 3114
8514 3113
8518 3112
8520 3111
8524 3110
8529 3109
8531 3108
8535 3107
8536 3106
8540 3105
8542 3104
8546 3103
8547 3102
8552 3101
8557 3100
8559 3099
8563 3098
8565 3097
8570 3096
8571 3095
8573 3094
8578 3093
8581 3092
8585 3091
8588 3090
8593 3089
8598 3088
8599 3087
8600 3086
8603 3085
8608 3084
8612 3083
8614 3082
8619 3081
8622 3080
8624 3079
8627 3078
8632 3077
8635 3076
8640 3075
8642 3074
8644 3073
8648 3072
8650 3071
8651 3070
8654 3069
8658 3068
8662 3067
8665 3066
8669 3065
8671 3064
8674 3063
8678 3062
8682 3061
8685 3060
8687 3059
8689 3058
8694 3057
8698 3056
8702 3055
8703 3054
8708 3053
8712 3052
8716 3051
8717 3050
8722 3049
8723 3048
8724 3047
8726 3046
8730 3045
8734 3044
8739 3043
8742 3042
8745 3041
8747 3040
8751 3039
8753 3038
8754 3037
8759 3036
8763 3035
8764 3034
8768 3033
8770 3032
8775 3031
8779 3030
8781 3029
8785 3028
8786 3027
8788 3026
8793 3025
8797 3024
8800 3023
8801 3022
8806 3021
8808 3020
8813 3019
8814 3018
8817 3017
8818 3016
8822 3015
8823 3014
8827 3013
8831 3012
8835 3011
8839 3010
8844 3009
8847 3008
8848 3007
8849 3006
8854 3005
8857 3004
8862 3003
8866 3002
8867 3001
8869 3000
8873 2999
8874 2998
8877 2997
8878 2996
8880 2995
8882 2994
8883 2993
8886 2992
8888 2991
8889 2990
8891 2989
8893 2988
8897 2987
8899 2986
8900 2985
8902 2984
8907 2983
8910 2982
8915 2981
8917 2980
8918 2979
8922 2978
8923 2977
8924 2976
8928 2975
8932 2974
8935 2973
8938 2972
8940 2971
8942 2970
8945 2969
8950 2968
8954 2967
8957 2966
8960 2965
8964 2964
8966 2963
8967 2962
8971 2961
8974 2960
8976 2959
8977 2958
8979 2957
8980 2956
8981 2955
8983 2954
8984 2953
8988 2952
8993 2951
8998 2950
9002 2949
9005 2948
9006 2947
9010 2946
9012 2945
9014 2944
9018 2943
9023 2942
9026 2941
9029 2940
9034 2939
9036 2938
9039 2937
9041 2936
9043 2935
9045 2934
9049 2933
9054 2932
9056 2931
9058 2930
9062 2929
9067 2928
9069 2927
9071 2926
9075 2925
9078 2924
9079 2923
9080 2922
9081 2921
9086 2920
9090 2919
9091 2918
9092 2917
9093 2916
9098 2915
9100 2914
9103 2913
9106 2912
9111 2911
9113 2910
9118 2909
9122 2908
9125 2907
9129 2906
9134 2905
9135 2904
9137 2903
9142 2902
9146 2901
9147 2900
9151 2899
9155 2898
9157 2897
9161 2896
9166 2895
9168 2894
9171 2893
9172 2892
9176 2891
9180 2890
9181 2889
9184 2888
9188 2887
9191 2886
9192 2885
9193 2884
9198 2883
9199 2882
9201 2881
9202 2880
9203 2879
9208 2878
9211 2877
9212 2876
9217 2875
9218 2874
9220 2873
9224 2872
9228 2871
9231 2870
9234 2869
9237 2868
9242 2867
9246 2866
9249 2865
9252 2864
9257 2863
9262 2862
9265 2861
9266 2860
9271 2859
9273 2858
9278 2857
9280 2856
9283 2855
9287 2854
9291 2853
9293 2852
9297 2851
9299 2850
9304 2849
9308 2848
9312 2847
9315 2846
9316 2845
9319 2844
9322 2843
9326 2842
9331 2841
9335 2840
9339 2839
9344 2838
9349 2837
9352 2836
9353 2835
9354 2834
9359 2833
9364 2832
9369 2831
9374 2830
9377 2829
9379 2828
9380 2827
9381 2826
9386 2825
9391 2824
9395 2823
9396 2822
9401 2821
9405 2820
9409 2819
9413 2818
9417 2817
9421 2816
9423 2815
9425 2814
9427 2813
9431 2812
9434 2811
9435 2810
9437 2809
9442 2808
9444 2807
9445 2806
9447 2805
9450 2804
9455 2803
9457 2802
9459 2801
9461 2800
9466 2799
9471 2798
9473 2797
9476 2796
9480 2795
9481 2794
9482 2793
9484 2792
9488 2791
9489 2790
9492 2789
9493 2788
9495 2787
9499 2786
9504 2785
9505 2784
9506 2783
9508 2782
9511 2781
9515 2780
9520 2779
9523 2778
9524 2777
9525 2776
9526 2775
9529 2774
9531 2773
9532 2772
9534 2771
9539 2770
9543 2769
9548 2768
9550 2767
9552 2766
9557 2765
9562 2764
9567 2763
9568 2762
9571 2761
9572 2760
9574 2759
9578 2758
9582 2757
9584 2756
9585 2755
9590 2754
9594 2753
9596 2752
9601 2751
9602 2750
9605 2749
9607 2748
9612 2747
9613 2746
9614 2745
9619 2744
9622 2743
9624 2742
9625 2741
9627 2740
9631 2739
9635 2738
9637 2737
9642 2736
9646 2735
9651 2734
9656 2733
9660 2732
9662 2731
9664 2730
9665 2729
9668 2728
9672 2727
9675 2726
9677 2725
9678 2724
9681 2723
9682 2722
9685 2721
9687 2720
9692 2719
9697 2718
9699 2717
9704 2716
9709 2715
9710 2714
9714 2713
9716 2712
9718 2711
9722 2710
9725 2709
9727 2708
9730 2707
9731 2706
9736 2705
9738 2704
9741 2703
9745 2702
9747 2701
9752 2700
9756 2699
9758 2698
9763 2697
9768 2696
9771 2695
9773 2694
9776 2693
9780 2692
9784 2691
9787 2690
9789 2689
9791 2688
9794 2687
9795 2686
9798 2685
9802 2684
9806 2683
9807 2682
9812 2681
9814 2680
9817 2679
9822 2678
9825 2677
9826 2676
9830 2675
9831 2674
9833 2673
9835 2672
9836 2671
9841 2670
9846 2669
9851 2668
9854 2667
9855 2666
9856 2665
9858 2664
9862 2663
9867 2662
9871 2661
9875 2660
9879 2659
9881 2658
9882 2657
9887 2656
9892 2655
9895 2654
9896 2653
9898 2652
9902 2651
9905 2650
9910 2649
9914 2648
9917 2647
9922 2646
9927 2645
9928 2644
9929 2643
9934 2642
9938 2641
9940 2640
9944 2639
9945 2638
9946 2637
9950 2636
9953 2635
9955 2634
9956 2633
9958 2632
9960 2631
9963 2630
9966 2629
9968 2628
9970 2627
9973 2626
9978 2625
9979 2624
9982 2623
9985 2622
9988 2621
9992 2620
9995 2619
9998 2618
9999 2617
10001 2616
10002 2615
10006 2614
10007 2613
10008 2612
10012 2611
10016 2610
10017 2609
10019 2608
10022 2607
10027 2606
10030 2605
10033 2604
10038 2603
10043 2602
10046 2601
10051 2600
10053 2599
10058 2598
10062 2597
10065 2596
10067 2595
10068 2594
10071 2593
10072 2592
10076 2591
10081 2590
10082 2589
10087 2588
10089 2587
10093 2586
10096 2585
10100 2584
10103 2583
10106 2582
10107 2581
10111 2580
10114 2579
10117 2578
10118 2577
10121 2576
10123 2575
10127 2574
10132 2573
10135 2572
10140 2571
10141 2570
10146 2569
10150 2568
10153 2567
10156 2566
10160 2565
10161 2564
10162 2563
10165 2562
10170 2561
10171 2560
10174 2559
10177 2558
10181 2557
10185 2556
10190 2555
10194 2554
10199 2553
10201 2552
10202 2551
10205 2550
10209 2549
10213 2548
10217 2547
10220 2546
10222 2545
10226 2544
10231 2543
10232 2542
10237 2541
10242 2540
10243 2539
10247 2538
10249 2537
10253 2536
10257 2535
10262 2534
10263 2533
10264 2532
10267 2531
10269 2530
10274 2529
10276 2528
10278 2527
10279 2526
10283 2525
10284 2524
10286 2523
10288 2522
10289 2521
10293 2520
10294 2519
10295 2518
10298 2517
10301 2516
10306 2515
10310 2514
10313 2513
10315 2512
10319 2511
10320 2510
10322 2509
10325 2508
10327 2507
10332 2506
10334 2505
10335 2504
10338 2503
10343 2502
10347 2501
10351 2500
10352 2499
10353 2498
10355 2497
10357 2496
10361 2495
10363 2494
10365 2493
10370 2492
10375 2491
10380 2490
10383 2489
10388 2488
10393 2487
10396 2486
10399 2485
10404 2484
10408 2483
10411 2482
10412 2481
10413 2480
10417 2479
10420 2478
10421 2477
10424 2476
10425 2475
10429 2474
10431 2473
10435 2472
10439 2471
10440 2470
10441 2469
10443 2468
10448 2467
10452 2466
10454 2465
10458 2464
10461 2463
10463 2462
10466 2461
10469 2460
10474 2459
10475 2458
10480 2457
10481 2456
10486 2455
10488 2454
10492 2453
10495 2452
10497 2451
10501 2450
10502 2449
10505 2448
10507 2447
10512 2446
10513 2445
10515 2444
10517 2443
10520 2442
10521 2441
10526 2440
10527 2439
10530 2438
10532 2437
10535 2436
10539 2435
10543 2434
10547 2433
10552 2432
10553 2431
10554 2430
10558 2429
10561 2428
10566 2427
10568 2426
10569 2425
10571 2424
10576 2423
10578 2422
10582 2421
10585 2420
10590 2419
10593 2418
10596 2417
10600 2416
10603 2415
10605 2414
10609 2413
10610 2412
10611 2411
10616 2410
10620 2409
10624 2408
10625 2407
10630 2406
10634 2405
10639 2404
10640 2403
10644 2402
10647 2401
10650 2400
10652 2399
10656 2398
10657 2397
10658 2396
10663 2395
10665 2394
10669 2393
10671 2392
10672 2391
10676 2390
10677 2389
10679 2388
10682 2387
10684 2386
10688 2385
10692 2384
10696 2383
10701 2382
10706 2381
10709 2380
10712 2379
10717 2378
10718 2377
10721 2376
10722 2375
10727 2374
10728 2373
10732 2372
10737 2371
10739 2370
10740 2369
10741 2368
10743 2367
10746 2366
10751 2365
10754 2364
10756 2363
10757 2362
10762 2361
10766 2360
10767 2359
10771 2358
10775 2357
10776 2356
10781 2355
10784 2354
10785 2353
10787 2352
10791 2351
10796 2350
10799 2349
10800 2348
10805 2347
10809 2346
10813 2345
10817 2344
10822 2343
10823 2342
10825 2341
10829 2340
10834 2339
10836 2338
10839 2337
10841 2336
10842 2335
10843 2334
10845 2333
10846 2332
10847 2331
10848 2330
10851 2329
10855 2328
10856 2327
10860 2326
10862 2325
10867 2324
10871 2323
10874 2322
10875 2321
10876 2320
10878 2319
10879 2318
10881 2317
10884 2316
10889 2315
10890 2314
10894 2313
10895 2312
10897 2311
10902 2310
10907 2309
10910 2308
10913 2307
10914 2306
10919 2305
10921 2304
10925 2303
10930 2302
10935 2301
10940 2300
10941 2299
10945 2298
10949 2297
10952 2296
10953 2295
10958 2294
10963 2293
10965 2292
10970 2291
10972 2290
10973 2289
10978 2288
10979 2287
10983 2286
10986 2285
10988 2284
10991 2283
10992 2282
10995 2281
10998 2280
11001 2279
11006 2278
11008 2277
11010 2276
11013 2275
11018 2274
11019 2273
11020 2272
11022 2271
11026 2270
11029 2269
11030 2268
11035 2267
11039 2266
11040 2265
11044 2264
11045 2263
11047 2262
11051 2261
11054 2260
11058 2259
11061 2258
11063 2257
11067 2256
11068 2255
11072 2254
11074 2253
11077 2252
11081 2251
11086 2250
11090 2249
11092 2248
11094 2247
11096 2246
11097 2245
11100 2244
11102 2243
11104 2242
11107 2241
11110 2240
11112 2239
11114 2238
11115 2237
11117 2236
11119 2235
11120 2234
11123 2233
11125 2232
11126 2231
11131 2230
11136 2229
11139 2228
11140 2227
11141 2226
11144 2225
11148 2224
11149 2223
11150 2222
11154 2221
11156 2220
11158 2219
11163 2218
11165 2217
11169 2216
11172 2215
11175 2214
11180 2213
11181 2212
11185 2211
11190 2210
11192 2209
11197 2208
11202 2207
11207 2206
11209 2205
11210 2204
11213 2203
11217 2202
11222 2201
11224 2200
11228 2199
11232 2198
11237 2197
11242 2196
11244 2195
11246 2194
11251 2193
11256 2192
11257 2191
11260 2190
11261 2189
11265 2188
11266 2187
11267 2186
11272 2185
11277 2184
11282 2183
11283 2182
11285 2181
11286 2180
11287 2179
11291 2178
11294 2177
11298 2176
11302 2175
11306 2174
11308 2173
11310 2172
11315 2171
11316 2170
11318 2169
11322 2168
11323 2167
11328 2166
11331 2165
11336 2164
11340 2163
11345 2162
11347 2161
11351 2160
11356 2159
11359 2158
11361 2157
11363 2156
11368 2155
11369 2154
11370 2153
11373 2152
11375 2151
11377 2150
11382 2149
11387 2148
11389 2147
11394 2146
11397 2145
11402 2144
11405 2143
11406 2142
11411 2141
11415 2140
11419 2139
11424 2138
11429 2137
11433 2136
11436 2135
11440 2134
11443 2133
11448 2132
11452 2131
11455 2130
11456 2129
11461 2128
11466 2127
11469 2126
11472 2125
11475 2124
11479 2123
11481 2122
11483 2121
11488 2120
11489 2119
11494 2118
11495 2117
11500 2116
11501 2115
11503 2114
11508 2113
11509 2112
11513 2111
11515 2110
11518 2109
11521 2108
11524 2107
11525 2106
11530 2105
11534 2104
11536 2103
11541 2102
11543 2101
11548 2100
11550 2099
11554 2098
11557 2097
11559 2096
11561 2095
11566 2094
11567 2093
11570 2092
11573 2091
11578 2090
11582 2089
11585 2088
11586 2087
11591 2086
11594 2085
11595 2084
11598 2083
11601 2082
11604 2081
11605 2080
11609 2079
11610 2078
11613 2077
11616 2076
11618 2075
11619 2074
11621 2073
11624 2072
11629 2071
11634 2070
11637 2069
11638 2068
11643 2067
11646 2066
11651 2065
11656 2064
11659 2063
11662 2062
11665 2061
11666 2060
11669 2059
11671 2058
11675 2057
11680 2056
11684 2055
11687 2054
11691 2053
11696 2052
11700 2051
11701 2050
11702 2049
11703 2048
11707 2047
11712 2046
11713 2045
11716 2044
11720 2043
11723 2042
11726 2041
11730 2040
11731 2039
11734 2038
11738 2037
11740 2036
11742 2035
11744 2034
11747 2033
11749 2032
11750 2031
11752 2030
11756 2029
11760 2028
11762 2027
11763 2026
11767 2025
11769 2024
11774 2023
11775 2022
11780 2021
11783 2020
11785 2019
11787 2018
11789 2017
11793 2016
11796 2015
11799 2014
11802 2013
11804 2012
11809 2011
11812 2010
11813 2009
11814 2008
11818 2007
11821 2006
11822 2005
11826 2004
11827 2003
11829 2002
11830 2001
11831 2000
11833 1999
11838 1998
11841 1997
11842 1996
11845 1995
11846 1994
11849 1993
11854 1992
11857 1991
11861 1990
11864 1989
11869 1988
11870 1987
11875 1986
11878 1985
11880 1984
11882 1983
11886 1982
11890 1981
11893 1980
11898 1979
11900 1978
11901 1977
11905 1976
11909 1975
11914 1974
11916 1973
11921 1972
11924 1971
11926 1970
11928 1969
11929 1968
11930 1967
11932 1966
11933 1965
11935 1964
11940 1963
11945 1962
11950 1961
11951 1960
11955 1959
11958 1958
11960 1957
11962 1956
11966 1955
11968 1954
11969 1953
11972 1952
11974 1951
11978 1950
11980 1949
11984 1948
11989 1947
11993 1946
11998 1945
12003 1944
12008 1943
12011 1942
12012 1941
12015 1940
12019 1939
12021 1938
12024 1937
12026 1936
12029 1935
12034 1934
12037 1933
12041 1932
12042 1931
12043 1930
12046 1929
12051 1928
12052 1927
12053 1926
12054 1925
12055 1924
12056 1923
12060 1922
12061 1921
12065 1920
12070 1919
12071 1918
12075 1917
12078 1916
12083 1915
12086 1914
12090 1913
12094 1912
12096 1911
12100 1910
12103 1909
12104 1908
12108 1907
12110 1906
12112 1905
12115 1904
12116 1903
12120 1902
12124 1901
12126 1900
12128 1899
12133 1898
12135 1897
12136 1896
12141 1895
12144 1894
12147 1893
12148 1892
12150 1891
12155 1890
12159 1889
12160 1888
12164 1887
12166 1886
12167 1885
12171 1884
12176 1883
12179 1882
12180 1881
12181 1880
12184 1879
12188 1878
12191 1877
12195 1876
12200 1875
12203 1874
12205 1873
12206 1872
12208 1871
12210 1870
12215 1869
12217 1868
12222 1867
12227 1866
12229 1865
12231 1864
12232 1863
12235 1862
12238 1861
12241 1860
12242 1859
12247 1858
12251 1857
12256 1856
12259 1855
12262 1854
12266 1853
12271 1852
12274 1851
12276 1850
12279 1849
12280 1848
12283 1847
12286 1846
12287 1845
12292 1844
12297 1843
12298 1842
12299 1841
12302 1840
12305 1839
12306 1838
12308 1837
12313 1836
12314 1835
12319 1834
12322 1833
12323 1832
12325 1831
12328 1830
12333 1829
12337 1828
12342 1827
12344 1826
12348 1825
12353 1824
12358 1823
12359 1822
12364 1821
12368 1820
12372 1819
12377 1818
12381 1817
12382 1816
12384 1815
12387 1814
12390 1813
12392 1812
12395 1811
12399 1810
12404 1809
12405 1808
12407 1807
12410 1806
12414 1805
12416 1804
12418 1803
12421 1802
12422 1801
12423 1800
12428 1799
12430 1798
12434 1797
12437 1796
12440 1795
12444 1794
12448 1793
12451 1792
12456 1791
12461 1790
12465 1789
12470 1788
12471 1787
12472 1786
12473 1785
12475 1784
12476 1783
12479 1782
12482 1781
12484 1780
12485 1779
12486 1778
12489 1777
12490 1776
12491 1775
12496 1774
12500 1773
12503 1772
12508 1771
12513 1770
12516 1769
12519 1768
12524 1767
12528 1766
12533 1765
12536 1764
12541 1763
12542 1762
12547 1761
12549 1760
12552 1759
12557 1758
12562 1757
12565 1756
12569 1755
12572 1754
12574 1753
12579 1752
12581 1751
12582 1750
12587 1749
12592 1748
12597 1747
12598 1746
12603 1745
12607 1744
12609 1743
12612 1742
12614 1741
12616 1740
12618 1739
12622 1738
12627 1737
12632 1736
12633 1735
12638 1734
12639 1733
12644 1732
12645 1731
12649 1730
12650 1729
12654 1728
12657 1727
12659 1726
12662 1725
12665 1724
12670 1723
12674 1722
12678 1721
12683 1720
12684 1719
12685 1718
12690 1717
12691 1716
12695 1715
12696 1714
12698 1713
12700 1712
12701 1711
12704 1710
12709 1709
12713 1708
12718 1707
12722 1706
12727 1705
12730 1704
12734 1703
12739 1702
12741 1701
12745 1700
12749 1699
12751 1698
12756 1697
12758 1696
12762 1695
12764 1694
12766 1693
12769 1692
12770 1691
12775 1690
12777 1689
12781 1688
12785 1687
12788 1686
12789 1685
12793 1684
12798 1683
12799 1682
12801 1681
12804 1680
12807 1679
12811 1678
12812 1677
12815 1676
12817 1675
12818 1674
12819 1673
12822 1672
12823 1671
12824 1670
12828 1669
12832 1668
12835 1667
12839 1666
12840 1665
12844 1664
12846 1663
12847 1662
12849 1661
12854 1660
12857 1659
12859 1658
12860 1657
12863 1656
12864 1655
12867 1654
12870 1653
12874 1652
12878 1651
12879 1650
12880 1649
12882 1648
12884 1647
12885 1646
12887 1645
12888 1644
12891 1643
12892 1642
12894 1641
12897 1640
12898 1639
12902 1638
12903 1637
12907 1636
12911 1635
12912 1634
12914 1633
12918 1632
12923 1631
12926 1630
12928 1629
12931 1628
12935 1627
12936 1626
12939 1625
12941 1624
12942 1623
12943 1622
12945 1621
12950 1620
12953 1619
12956 1618
12958 1617
12961 1616
12965 1615
12970 1614
12974 1613
12976 1612
12978 1611
12983 1610
12985 1609
12987 1608
12988 1607
12992 1606
12997 1605
13002 1604
13006 1603
13008 1602
13012 1601
13013 1600
13016 1599
13018 1598
13022 1597
13023 1596
13025 1595
13026 1594
13031 1593
13036 1592
13041 1591
13045 1590
13050 1589
13055 1588
13057 1587
13059 1586
13064 1585
13068 1584
13070 1583
13075 1582
13077 1581
13080 1580
13085 1579
13086 1578
13087 1577
13092 1576
13097 1575
13102 1574
13106 1573
13109 1572
13110 1571
13115 1570
13120 1569
13121 1568
13126 1567
13128 1566
13130 1565
13132 1564
13134 1563
13136 1562
13137 1561
13138 1560
13139 1559
13144 1558
13149 1557
13150 1556
13153 1555
13156 1554
13160 1553
13163 1552
13166 1551
13168 1550
13171 1549
13173 1548
13175 1547
13179 1546
13181 1545
13184 1544
13189 1543
13191 1542
13192 1541
13197 1540
13199 1539
13203 1538
13206 1537
13210 1536
13212 1535
13214 1534
13219 1533
13221 1532
13224 1531
13228 1530
13230 1529
13233 1528
13236 1527
13238 1526
13241 1525
13245 1524
13250 1523
13255 1522
13259 1521
13260 1520
13262 1519
13265 1518
13269 1517
13271 1516
13274 1515
13276 1514
13279 1513
13282 1512
13286 1511
13287 1510
13290 1509
13295 1508
13299 1507
13301 1506
13302 1505
13305 1504
13309 1503
13311 1502
13314 1501
13318 1500
13319 1499
13320 1498
13323 1497
13325 1496
13328 1495
13329 1494
13331 1493
13336 1492
13341 1491
13342 1490
13343 1489
13348 1488
13353 1487
13354 1486
13359 1485
13360 1484
13363 1483
13367 1482
13369 1481
13371 1480
13374 1479
13375 1478
13377 1477
13378 1476
13379 1475
13381 1474
13382 1473
13383 1472
13386 1471
13390 1470
13395 1469
13398 1468
13399 1467
13402 1466
13404 1465
13406 1464
13411 1463
13413 1462
13415 1461
13420 1460
13423 1459
13424 1458
13429 1457
13434 1456
13439 1455
13444 1454
13445 1453
13449 1452
13453 1451
13456 1450
13458 1449
13463 1448
13466 1447
13470 1446
13473 1445
13475 1444
13479 1443
13482 1442
13484 1441
13488 1440
13490 1439
13495 1438
13497 1437
13502 1436
13506 1435
13507 1434
13510 1433
13512 1432
13516 1431
13520 1430
13524 1429
13526 1428
13529 1427
13530 1426
13533 1425
13537 1424
13540 1423
13543 1422
13548 1421
13553 1420
13556 1419
13558 1418
13559 1417
13564 1416
13568 1415
13573 1414
13576 1413
13580 1412
13582 1411
13584 1410
13589 1409
13593 1408
13595 1407
13596 1406
13600 1405
13605 1404
13610 1403
13613 1402
13616 1401
13620 1400
13623 1399
13624 1398
13627 1397
13628 1396
13629 1395
13631 1394
13636 1393
13639 1392
13644 1391
13648 1390
13653 1389
13655 1388
13658 1387
13662 1386
13663 1385
13668 1384
13673 1383
13676 1382
13681 1381
13682 1380
13686 1379
13689 1378
13690 1377
13691 1376
13696 1375
13698 1374
13703 1373
13708 1372
13712 1371
13717 1370
13718 1369
13720 1368
13724 1367
13726 1366
13729 1365
13731 1364
13732 1363
13737 1362
13741 1361
13743 1360
13748 1359
13751 1358
13756 1357
13759 1356
13760 1355
13761 1354
13764 1353
13765 1352
13767 1351
13770 1350
13774 1349
13779 1348
13781 1347
13784 1346
13785 1345
13788 1344
13791 1343
13792 1342
13797 1341
13799 1340
13802 1339
13807 1338
13808 1337
13810 1336
13815 1335
13819 1334
13824 1333
13826 1332
13828 1331
13830 1330
13835 1329
13837 1328
13840 1327
13845 1326
13848 1325
13853 1324
13854 1323
13855 1322
13857 1321
13858 1320
13861 1319
13862 1318
13863 1317
13864 1316
13865 1315
13869 1314
13874 1313
13876 1312
13879 1311
13884 1310
13886 1309
13890 1308
13895 1307
13896 1306
13899 1305
13900 1304
13904 1303
13905 1302
13907 1301
13910 1300
13912 1299
13915 1298
13917 1297
13919 1296
13920 1295
13922 1294
13923 1293
13925 1292
13928 1291
13932 1290
13934 1289
13939 1288
13944 1287
13949 1286
13951 1285
13954 1284
13958 1283
13963 1282
13967 1281
13970 1280
13974 1279
13978 1278
13980 1277
13985 1276
13986 1275
13989 1274
13990 1273
13994 1272
13997 1271
14001 1270
14004 1269
14009 1268
14010 1267
14011 1266
14012 1265
14017 1264
14018 1263
14023 1262
14024 1261
14029 1260
14030 1259
14035 1258
14038 1257
14043 1256
14045 1255
14046 1254
14050 1253
14053 1252
14056 1251
14061 1250
14066 1249
14071 1248
14076 1247
14077 1246
14078 1245
14082 1244
14087 1243
14091 1242
14094 1241
14097 1240
14098 1239
14101 1238
14102 1237
14105 1236
14107 1235
14112 1234
14114 1233
14118 1232
14119 1231
14122 1230
14125 1229
14127 1228
14132 1227
14133 1226
14136 1225
14141 1224
14146 1223
14149 1222
14150 1221
14152 1220
14153 1219
14156 1218
14161 1217
14162 1216
14163 1215
14164 1214
14169 1213
14172 1212
14174 1211
14179 1210
14180 1209
14185 1208
14188 1207
14191 1206
14192 1205
14195 1204
14197 1203
14199 1202
14202 1201
14205 1200
14206 1199
14211 1198
14215 1197
14219 1196
14221 1195
14224 1194
14228 1193
14232 1192
14236 1191
14241 1190
14245 1189
14246 1188
14249 1187
14250 1186
14251 1185
14255 1184
14258 1183
14262 1182
14266 1181
14271 1180
14275 1179
14279 1178
14284 1177
14288 1176
14293 1175
14298 1174
14300 1173
14305 1172
14308 1171
14309 1170
14314 1169
14318 1168
14319 1167
14320 1166
14324 1165
14326 1164
14329 1163
14330 1162
14332 1161
14336 1160
14340 1159
14343 1158
14347 1157
14351 1156
14353 1155
14356 1154
14361 1153
14366 1152
14370 1151
14372 1150
14373 1149
14376 1148
14380 1147
14385 1146
14390 1145
14392 1144
14395 1143
14397 1142
14398 1141
14401 1140
14403 1139
14404 1138
14407 1137
14409 1136
14410 1135
14412 1134
14417 1133
14418 1132
14419 1131
14422 1130
14427 1129
14431 1128
14432 1127
14434 1126
14435 1125
14438 1124
14442 1123
14443 1122
14448 1121
14450 1120
14451 1119
14456 1118
14457 1117
14462 1116
14463 1115
14465 1114
14470 1113
14474 1112
14479 1111
14481 1110
14486 1109
14488 1108
14491 1107
14494 1106
14498 1105
14501 1104
14506 1103
14511 1102
14515 1101
14516 1100
14521 1099
14524 1098
14527 1097
14532 1096
14536 1095
14540 1094
14542 1093
14547 1092
14549 1091
14554 1090
14556 1089
14559 1088
14563 1087
14568 1086
14572 1085
14577 1084
14582 1083
14585 1082
14590 1081
14594 1080
14599 1079
14603 1078
14608 1077
14611 1076
14616 1075
14621 1074
14623 1073
14627 1072
14629 1071
14630 1070
14633 1069
14634 1068
14635 1067
14636 1066
14637 1065
14639 1064
14640 1063
14644 1062
14649 1061
14652 1060
14656 1059
14657 1058
14660 1057
14662 1056
14663 1055
14664 1054
14669 1053
14674 1052
14677 1051
14681 1050
14685 1049
14688 1048
14690 1047
14695 1046
14700 1045
14702 1044
14707 1043
14711 1042
14713 1041
14718 1040
14721 1039
14724 1038
14728 1037
14732 1036
14733 1035
14738 1034
14742 1033
14744 1032
14747 1031
14750 1030
14755 1029
14760 1028
14761 1027
14766 1026
14767 1025
14772 1024
14775 1023
14776 1022
14781 1021
14784 1020
14787 1019
14790 1018
14792 1017
14793 1016
14798 1015
14799 1014
14804 1013
14808 1012
14810 1011
14814 1010
14817 1009
14821 1008
14824 1007
14828 1006
14830 1005
14833 1004
14837 1003
14839 1002
14841 1001
14846 1000
14850 999
14851 998
14856 997
14857 996
14862 995
14867 994
14868 993
14872 992
14876 991
14881 990
14886 989
14888 988
14893 987
14895 986
14899 985
14900 984
14904 983
14905 982
14907 981
14908 980
14910 979
14912 978
14915 977
14919 976
14923 975
14928 974
14932 973
14935 972
14939 971
14942 970
14947 969
14949 968
14951 967
14956 966
14960 965
14961 964
14963 963
14964 962
14968 961
14969 960
14971 959
14974 958
14977 957
14979 956
14982 955
14985 954
14988 953
14990 952
14991 951
14992 950
14996 949
14998 948
15001 947
15002 946
15003 945
15008 944
15011 943
15012 942
15016 941
15021 940
15026 939
15030 938
15031 937
15034 936
15037 935
15042 934
15047 933
15048 932
15050 931
15055 930
15056 929
15060 928
15061 927
15066 926
15070 925
15071 924
15075 923
15079 922
15081 921
15085 920
15090 919
15095 918
15097 917
15099 916
15103 915
15104 914
15108 913
15111 912
15112 911
15115 910
15119 909
15121 908
15126 907
15128 906
15131 905
15132 904
15136 903
15139 902
15144 901
15145 900
15147 899
15150 898
15152 897
15154 896
15158 895
15163 894
15164 893
15168 892
15172 891
15174 890
15176 889
15179 888
15182 887
15186 886
15187 885
15190 884
15191 883
15195 882
15197 881
15200 880
15201 879
15203 878
15204 877
15207 876
15212 875
15216 874
15221 873
15224 872
15229 871
15231 870
15234 869
15236 868
15239 867
15244 866
15245 865
15248 864
15249 863
15250 862
15255 861
15260 860
15264 859
15266 858
15271 857
15275 856
15280 855
15285 854
15286 853
15290 852
15295 851
15300 850
15304 849
15305 848
15310 847
15313 846
15316 845
15321 844
15325 843
15327 842
15332 841
15335 840
15339 839
15344 838
15347 837
15350 836
15355 835
15359 834
15360 833
15362 832
15367 831
15372 830
15374 829
15378 828
15383 827
15386 826
15391 825
15394 824
15395 823
15397 822
15401 821
15404 820
15407 819
15408 818
15410 817
15412 816
15413 815
15416 814
15420 813
15422 812
15424 811
15427 810
15432 809
15435 808
15436 807
15439 806
15443 805
15447 804
15449 803
15452 802
15455 801
15456 800
15458 799
15463 798
15465 797
15470 796
15475 795
15477 794
15482 793
15483 792
15485 791
15490 790
15494 789
15498 788
15499 787
15500 786
15505 785
15506 784
15507 783
15511 782
15513 781
15517 780
15520 779
15522 778
15527 777
15528 776
15531 775
15533 774
15535 773
15538 772
15540 771
15542 770
15547 769
15548 768
15551 767
15553 766
15557 765
15559 764
15563 763
15567 762
15570 761
15571 760
15572 759
15576 758
15580 757
15582 756
15586 755
15587 754
15590 753
15595 752
15598 751
15601 750
15605 749
15609 748
15610 747
15615 746
15617 745
15621 744
15625 743
15628 742
15630 741
15634 740
15637 739
15642 738
15643 737
15647 736
15652 735
15656 734
15657 733
15662 732
15663 731
15667 730
15670 729
15673 728
15675 727
15679 726
15681 725
15684 724
15685 723
15687 722
15692 721
15693 720
15698 719
15701 718
15702 717
15705 716
15708 715
15709 714
15711 713
15712 712
15715 711
15718 710
15721 709
15722 708
15725 707
15727 706
15730 705
15734 704
15735 703
15736 702
15739 701
15743 700
15744 699
15748 698
15749 697
15754 696
15757 695
15758 694
15762 693
15765 692
15769 691
15773 690
15775 689
15776 688
15779 687
15781 686
15784 685
15785 684
15790 683
15794 682
15797 681
15799 680
15802 679
15806 678
15807 677
15809 676
15810 675
15814 674
15815 673
15818 672
15821 671
15826 670
15827 669
15832 668
15833 667
15837 666
15840 665
15845 664
15846 663
15849 662
15852 661
15857 660
15858 659
15859 658
15864 657
15868 656
15872 655
15874 654
15876 653
15881 652
15886 651
15889 650
15893 649
15895 648
15900 647
15902 646
15905 645
15907 644
15911 643
15914 642
15917 641
15919 640
15920 639
15921 638
15926 637
15931 636
15933 635
15936 634
15938 633
15939 632
15943 631
15944 630
15946 629
15950 628
15953 627
15957 626
15961 625
15965 624
15967 623
15969 622
15972 621
15977 620
15981 619
15982 618
15984 617
15989 616
15990 615
15994 614
15998 613
16003 612
16007 611
16008 610
16013 609
16018 608
16019 607
16021 606
16022 605
16026 604
16028 603
16031 602
16036 601
16038 600
16043 599
16048 598
16051 597
16053 596
16055 595
16060 594
16061 593
16065 592
16070 591
16074 590
16078 589
16079 588
16081 587
16086 586
16090 585
16095 584
16096 583
16099 582
16101 581
16103 580
16108 579
16111 578
16113 577
16114 576
16116 575
16120 574
16123 573
16127 572
16128 571
16132 570
16137 569
16138 568
16141 567
16146 566
16148 565
16149 564
16153 563
16156 562
16160 561
16164 560
16166 559
16168 558
16171 557
16172 556
16173 555
16175 554
16176 553
16177 552
16178 551
16182 550
16186 549
16189 548
16192 547
16196 546
16199 545
16203 544
16206 543
16211 542
16214 541
16217 540
16220 539
16224 538
16227 537
16230 536
16234 535
16237 534
16242 533
16247 532
16250 531
16254 530
16259 529
16261 528
16262 527
16266 526
16269 525
16274 524
16278 523
16281 522
16283 521
16285 520
16290 519
16295 518
16297 517
16301 516
16304 515
16306 514
16308 513
16309 512
16310 511
16312 510
16315 509
16318 508
16323 507
16324 506
16327 505
16329 504
16334 503
16337 502
16340 501
16343 500
16344 499
16346 498
16347 497
16348 496
16353 495
16356 494
16359 493
16361 492
16365 491
16366 490
16368 489
16373 488
16377 487
16382 486
16386 485
16390 484
16392 483
16397 482
16400 481
16403 480
16405 479
16408 478
16410 477
16412 476
16415 475
16417 474
16421 473
16424 472
16427 471
16428 470
16430 469
16431 468
16432 467
16434 466
16437 465
16441 464
16446 463
16449 462
16452 461
16455 460
16459 459
16461 458
16462 457
16465 456
16467 455
16472 454
16476 453
16481 452
16482 451
16485 450
16487 449
16492 448
16495 447
16498 446
16501 445
16506 444
16508 443
16509 442
16514 441
16517 440
16518 439
16522 438
16527 437
16528 436
16529 435
16534 434
16536 433
16538 432
16541 431
16545 430
16547 429
16552 428
16556 427
16561 426
16566 425
16570 424
16573 423
16577 422
16579 421
16582 420
16585 419
16587 418
16589 417
16593 416
16595 415
16598 414
16600 413
16601 412
16602 411
16603 410
16607 409
16610 408
16613 407
16615 406
16617 405
16618 404
16622 403
16627 402
16632 401
16634 400
16637 399
16641 398
16642 397
16645 396
16646 395
16647 394
16651 393
16656 392
16659 391
16661 390
16662 389
16666 388
16668 387
16669 386
16674 385
16676 384
16677 383
16682 382
16684 381
16687 380
16691 379
16696 378
16698 377
16699 376
16703 375
16706 374
16710 373
16711 372
16715 371
16717 370
16718 369
16723 368
16726 367
16729 366
16734 365
16739 364
16743 363
16748 362
16750 361
16751 360
16753 359
16756 358
16757 357
16762 356
16767 355
16771 354
16776 353
16777 352
16782 351
16787 350
16790 349
16794 348
16798 347
16802 346
16807 345
16808 344
16813 343
16815 342
16816 341
16819 340
16823 339
16825 338
16828 337
16829 336
16832 335
16835 334
16838 333
16839 332
16844 331
16846 330
16847 329
16850 328
16854 327
16856 326
16857 325
16861 324
16863 323
16864 322
16867 321
16872 320
16875 319
16880 318
16883 317
16888 316
16893 315
16896 314
16900 313
16903 312
16907 311
16909 310
16911 309
16914 308
16919 307
16924 306
16929 305
16933 304
16938 303
16939 302
16940 301
16943 300
16948 299
16952 298
16957 297
16958 296
16959 295
16960 294
16964 293
16969 292
16974 291
16979 290
16983 289
16985 288
16990 287
16991 286
16993 285
16995 284
16997 283
17002 282
17006 281
17010 280
17014 279
17018 278
17022 277
17027 276
17031 275
17036 274
17039 273
17042 272
17046 271
17047 270
17050 269
17054 268
17057 267
17059 266
17061 265
17063 264
17065 263
17069 262
17070 261
17075 260
17079 259
17081 258
17082 257
17085 256
17089 255
17093 254
17098 253
17099 252
17104 251
17109 250
17113 249
17114 248
17115 247
17118 246
17120 245
17124 244
17129 243
17130 242
17132 241
17135 240
17138 239
17141 238
17145 237
17146 236
17151 235
17154 234
17155 233
17156 232
17158 231
17159 230
17160 229
17162 228
17163 227
17168 226
17170 225
17175 224
17178 223
17183 222
17184 221
17187 220
17188 219
17189 218
17193 217
17197 216
17202 215
17205 214
17209 213
17213 212
17215 211
17219 210
17223 209
17224 208
17225 207
17229 206
17231 205
17233 204
17237 203
17239 202
17243 201
17246 200
17247 199
17252 198
17254 197
17258 196
17260 195
17261 194
17265 193
17268 192
17271 191
17275 190
17276 189
17280 188
17282 187
17285 186
17289 185
17293 184
17298 183
17299 182
17300 181
17302 180
17305 179
17308 178
17310 177
17315 176
17317 175
17321 174
17325 173
17330 172
17335 171
17337 170
17338 169
17341 168
17344 167
17346 166
17347 165
17349 164
17350 163
17352 162
17356 161
17361 160
17364 159
17368 158
17371 157
17373 156
17374 155
17378 154
17380 153
17383 152
17384 151
17388 150
17393 149
17397 148
17401 147
17405 146
17410 145
17411 144
17416 143
17419 142
17420 141
17422 140
17423 139
17427 138
17429 137
17433 136
17436 135
17441 134
17442 133
17443 132
17447 131
17448 130
17449 129
17450 128
17453 127
17454 126
17456 125
17461 124
17465 123
17467 122
17472 121
17477 120
17482 119
17487 118
17489 117
17494 116
17498 115
17501 114
17504 113
17508 112
17512 111
17513 110
17514 109
17516 108
17517 107
17520 106
17524 105
17527 104
17531 103
17533 102
17535 101
17537 100
17542 99
17545 98
17546 97
17548 96
17552 95
17555 94
17556 93
17558 92
17561 91
17566 90
17571 89
17575 88
17578 87
17583 86
17585 85
17589 84
17592 83
17595 82
17597 81
17600 80
17604 79
17606 78
17607 77
17612 76
17616 75
17620 74
17621 73
17626 72
17630 71
17631 70
17634 69
17639 68
17641 67
17644 66
17647 65
17649 64
17652 63
17656 62
17658 61
17660 60
17665 59
17666 58
17667 57
17668 56
17669 55
17673 54
17676 53
17680 52
17684 51
17689 50
17691 49
17693 48
17697 47
17700 46
17702 45
17707 44
17709 43
17714 42
17716 41
17721 40
17726 39
17728 38
17731 37
17735 36
17736 35
17741 34
17743 33
17745 32
17746 31
17751 30
17754 29
17755 28
17757 27
17760 26
17764 25
17767 24
17769 23
17771 22
17773 21
17777 20
17781 19
17783 18
17785 17
17790 16
17792 15
17796 14
17798 13
17803 12
17804 11
17808 10
17813 9
17818 8
17820 7
17825 6
17830 5
17835 4
17840 3
17843 2
17845 1
17847 0
