182
1 868400142367873584
7306570775887857757 838029927722281992
9111063500168682914 403773295257549108
9220474013007211521 87246387149613019
9221657280777091630 75572491563870840
9222195891946190026 49070819246607650
9222721444795459096 43871801289941594
9222734909224319299 15814413675145901
9223262272813330998 10833907663379754
9223332557219531097 9295899907378510
9223367850282027548 3624614522729385
9223369492584856886 1200089199448088
9223370375139955264 723199501327172
9223371137487731896 317594610095439
9223371235234909739 217220656708551
9223371531592383047 201238766863369
9223371674288390651 18209138738418
9223371702796614953 17040035762735
9223371735402437846 8340045606234
9223371962697888509 48172841340
9223371989253666972 13913401314
9223372015414168408 1471952415
9223372023495139651 521845953
9223372027697491291 29996158
9223372036526503738 14695602
9223372036671041324 12510886
9223372036808490709 2486021
9223372036810155105 2440841
9223372036830471048 876580
9223372036832654372 481893
9223372036848623164 34400
9223372036849720745 13817
9223372036853549717 10378
9223372036853962662 1227
9223372036854257356 550
9223372036854300821 496
9223372036854481048 295
9223372036854613681 223
9223372036854631994 205
9223372036854683150 155
9223372036854697035 153
9223372036854736338 144
9223372036854740406 142
9223372036854743003 139
9223372036854773642 138
9223372036854773967 137
9223372036854774681 136
9223372036854775455 135
9223372036854775564 134
9223372036854775651 133
9223372036854775652 132
9223372036854775669 131
9223372036854775675 130
9223372036854775676 129
9223372036854775677 128
9223372036854775678 127
9223372036854775679 126
9223372036854775680 125
9223372036854775681 124
9223372036854775682 123
9223372036854775683 122
9223372036854775684 121
9223372036854775685 120
9223372036854775686 119
9223372036854775687 118
9223372036854775688 117
9223372036854775689 116
9223372036854775690 115
9223372036854775691 114
9223372036854775692 113
9223372036854775693 112
9223372036854775694 111
9223372036854775695 110
9223372036854775696 109
9223372036854775697 108
9223372036854775698 107
9223372036854775699 106
9223372036854775700 105
9223372036854775701 104
9223372036854775702 103
9223372036854775703 102
9223372036854775704 101
9223372036854775705 100
9223372036854775706 99
9223372036854775707 98
9223372036854775708 97
9223372036854775709 96
9223372036854775710 95
9223372036854775711 94
9223372036854775712 93
9223372036854775713 92
9223372036854775714 91
9223372036854775715 90
9223372036854775716 89
9223372036854775717 88
9223372036854775718 87
9223372036854775719 86
9223372036854775720 85
9223372036854775721 84
9223372036854775722 83
9223372036854775723 82
9223372036854775724 81
9223372036854775725 80
9223372036854775726 79
9223372036854775727 78
9223372036854775728 77
9223372036854775729 76
9223372036854775730 75
9223372036854775731 74
9223372036854775732 73
9223372036854775733 72
9223372036854775734 71
9223372036854775735 70
9223372036854775736 69
9223372036854775737 68
9223372036854775738 67
9223372036854775739 66
9223372036854775740 65
9223372036854775741 64
9223372036854775742 63
9223372036854775743 62
9223372036854775744 61
9223372036854775745 60
9223372036854775746 59
9223372036854775747 58
9223372036854775748 57
9223372036854775749 56
9223372036854775750 55
9223372036854775751 54
9223372036854775752 53
9223372036854775753 52
9223372036854775754 51
9223372036854775755 50
9223372036854775756 49
9223372036854775757 48
9223372036854775758 47
9223372036854775759 46
9223372036854775760 45
9223372036854775761 44
9223372036854775762 43
9223372036854775763 42
9223372036854775764 41
9223372036854775765 40
9223372036854775766 39
9223372036854775767 38
9223372036854775768 37
9223372036854775769 36
9223372036854775770 35
9223372036854775771 34
9223372036854775772 33
9223372036854775773 32
9223372036854775774 31
9223372036854775775 30
9223372036854775776 29
9223372036854775777 28
9223372036854775778 27
9223372036854775779 26
9223372036854775780 25
9223372036854775781 24
9223372036854775782 23
9223372036854775783 22
9223372036854775784 21
9223372036854775785 20
9223372036854775786 19
9223372036854775787 18
9223372036854775788 17
9223372036854775789 16
9223372036854775790 15
9223372036854775791 14
9223372036854775792 13
9223372036854775793 12
9223372036854775794 11
9223372036854775795 10
9223372036854775796 9
9223372036854775797 8
9223372036854775798 7
9223372036854775799 6
9223372036854775800 5
9223372036854775801 4
9223372036854775802 3
9223372036854775803 2
9223372036854775804 0
