1052
1 6808247647282494956
8094439989419919197 3277456663806497072
8610674407803084680 1227071106602169809
8829045050653131353 522165380563219257
8993008525114537034 224778416610859164
9197768953695072639 36709404239551798
9213161651756684178 1634496637365143
9222342056998491258 364933696140049
9223243822336456698 128642954553227
9223265076246529241 56242664953560
9223288133688454284 49308024523901
9223342075068056810 28183504738630
9223359028860433690 16072019087177
9223362195178896072 12752193412243
9223371105141495085 4834267275323
9223371898202609299 4617341110894
9223371989188095702 2829576951106
9223372001985319945 2679484999759
9223372002223367003 1432352388340
9223372012751104395 1143878898102
9223372020689085884 86352626182
9223372030399068234 70817996567
9223372036436450818 26391358663
9223372036803537712 21555867523
9223372036806633123 9745623279
9223372036816380221 9337157541
9223372036835922582 229229365
9223372036844762345 66733564
9223372036849413432 27435961
9223372036851503816 26468307
9223372036854320131 4219574
9223372036854431682 3633519
9223372036854519352 2374526
9223372036854709461 144389
9223372036854754884 64323
9223372036854771591 11860
9223372036854771629 3652
9223372036854773289 1033
9223372036854774272 1031
9223372036854774532 1016
9223372036854774722 1012
9223372036854774754 1011
9223372036854774763 1010
9223372036854774784 1009
9223372036854774797 1008
9223372036854774798 1007
9223372036854774799 1006
9223372036854774800 1005
9223372036854774801 1004
9223372036854774802 1003
9223372036854774803 1002
9223372036854774804 1001
9223372036854774805 1000
9223372036854774806 999
9223372036854774807 998
9223372036854774808 997
9223372036854774809 996
9223372036854774810 995
9223372036854774811 994
9223372036854774812 993
9223372036854774813 992
9223372036854774814 991
9223372036854774815 990
9223372036854774816 989
9223372036854774817 988
9223372036854774818 987
9223372036854774819 986
9223372036854774820 985
9223372036854774821 984
9223372036854774822 983
9223372036854774823 982
9223372036854774824 981
9223372036854774825 980
9223372036854774826 979
9223372036854774827 978
9223372036854774828 977
9223372036854774829 976
9223372036854774830 975
9223372036854774831 974
9223372036854774832 973
9223372036854774833 972
9223372036854774834 971
9223372036854774835 970
9223372036854774836 969
9223372036854774837 968
9223372036854774838 967
9223372036854774839 966
9223372036854774840 965
9223372036854774841 964
9223372036854774842 963
9223372036854774843 962
9223372036854774844 961
9223372036854774845 960
9223372036854774846 959
9223372036854774847 958
9223372036854774848 957
9223372036854774849 956
9223372036854774850 955
9223372036854774851 954
9223372036854774852 953
9223372036854774853 952
9223372036854774854 951
9223372036854774855 950
9223372036854774856 949
9223372036854774857 948
9223372036854774858 947
9223372036854774859 946
9223372036854774860 945
9223372036854774861 944
9223372036854774862 943
9223372036854774863 942
9223372036854774864 941
9223372036854774865 940
9223372036854774866 939
9223372036854774867 938
9223372036854774868 937
9223372036854774869 936
9223372036854774870 935
9223372036854774871 934
9223372036854774872 933
9223372036854774873 932
9223372036854774874 931
9223372036854774875 930
9223372036854774876 929
9223372036854774877 928
9223372036854774878 927
9223372036854774879 926
9223372036854774880 925
9223372036854774881 924
9223372036854774882 923
9223372036854774883 922
9223372036854774884 921
9223372036854774885 920
9223372036854774886 919
9223372036854774887 918
9223372036854774888 917
9223372036854774889 916
9223372036854774890 915
9223372036854774891 914
9223372036854774892 913
9223372036854774893 912
9223372036854774894 911
9223372036854774895 910
9223372036854774896 909
9223372036854774897 908
9223372036854774898 907
9223372036854774899 906
9223372036854774900 905
9223372036854774901 904
9223372036854774902 903
9223372036854774903 902
9223372036854774904 901
9223372036854774905 900
9223372036854774906 899
9223372036854774907 898
9223372036854774908 897
9223372036854774909 896
9223372036854774910 895
9223372036854774911 894
9223372036854774912 893
9223372036854774913 892
9223372036854774914 891
9223372036854774915 890
9223372036854774916 889
9223372036854774917 888
9223372036854774918 887
9223372036854774919 886
9223372036854774920 885
9223372036854774921 884
9223372036854774922 883
9223372036854774923 882
9223372036854774924 881
9223372036854774925 880
9223372036854774926 879
9223372036854774927 878
9223372036854774928 877
9223372036854774929 876
9223372036854774930 875
9223372036854774931 874
9223372036854774932 873
9223372036854774933 872
9223372036854774934 871
9223372036854774935 870
9223372036854774936 869
9223372036854774937 868
9223372036854774938 867
9223372036854774939 866
9223372036854774940 865
9223372036854774941 864
9223372036854774942 863
9223372036854774943 862
9223372036854774944 861
9223372036854774945 860
9223372036854774946 859
9223372036854774947 858
9223372036854774948 857
9223372036854774949 856
9223372036854774950 855
9223372036854774951 854
9223372036854774952 853
9223372036854774953 852
9223372036854774954 851
9223372036854774955 850
9223372036854774956 849
9223372036854774957 848
9223372036854774958 847
9223372036854774959 846
9223372036854774960 845
9223372036854774961 844
9223372036854774962 843
9223372036854774963 842
9223372036854774964 841
9223372036854774965 840
9223372036854774966 839
9223372036854774967 838
9223372036854774968 837
9223372036854774969 836
9223372036854774970 835
9223372036854774971 834
9223372036854774972 833
9223372036854774973 832
9223372036854774974 831
9223372036854774975 830
9223372036854774976 829
9223372036854774977 828
9223372036854774978 827
9223372036854774979 826
9223372036854774980 825
9223372036854774981 824
9223372036854774982 823
9223372036854774983 822
9223372036854774984 821
9223372036854774985 820
9223372036854774986 819
9223372036854774987 818
9223372036854774988 817
9223372036854774989 816
9223372036854774990 815
9223372036854774991 814
9223372036854774992 813
9223372036854774993 812
9223372036854774994 811
9223372036854774995 810
9223372036854774996 809
9223372036854774997 808
9223372036854774998 807
9223372036854774999 806
9223372036854775000 805
9223372036854775001 804
9223372036854775002 803
9223372036854775003 802
9223372036854775004 801
9223372036854775005 800
9223372036854775006 799
9223372036854775007 798
9223372036854775008 797
9223372036854775009 796
9223372036854775010 795
9223372036854775011 794
9223372036854775012 793
9223372036854775013 792
9223372036854775014 791
9223372036854775015 790
9223372036854775016 789
9223372036854775017 788
9223372036854775018 787
9223372036854775019 786
9223372036854775020 785
9223372036854775021 784
9223372036854775022 783
9223372036854775023 782
9223372036854775024 781
9223372036854775025 780
9223372036854775026 779
9223372036854775027 778
9223372036854775028 777
9223372036854775029 776
9223372036854775030 775
9223372036854775031 774
9223372036854775032 773
9223372036854775033 772
9223372036854775034 771
9223372036854775035 770
9223372036854775036 769
9223372036854775037 768
9223372036854775038 767
9223372036854775039 766
9223372036854775040 765
9223372036854775041 764
9223372036854775042 763
9223372036854775043 762
9223372036854775044 761
9223372036854775045 760
9223372036854775046 759
9223372036854775047 758
9223372036854775048 757
9223372036854775049 756
9223372036854775050 755
9223372036854775051 754
9223372036854775052 753
9223372036854775053 752
9223372036854775054 751
9223372036854775055 750
9223372036854775056 749
9223372036854775057 748
9223372036854775058 747
9223372036854775059 746
9223372036854775060 745
9223372036854775061 744
9223372036854775062 743
9223372036854775063 742
9223372036854775064 741
9223372036854775065 740
9223372036854775066 739
9223372036854775067 738
9223372036854775068 737
9223372036854775069 736
9223372036854775070 735
9223372036854775071 734
9223372036854775072 733
9223372036854775073 732
9223372036854775074 731
9223372036854775075 730
9223372036854775076 729
9223372036854775077 728
9223372036854775078 727
9223372036854775079 726
9223372036854775080 725
9223372036854775081 724
9223372036854775082 723
9223372036854775083 722
9223372036854775084 721
9223372036854775085 720
9223372036854775086 719
9223372036854775087 718
9223372036854775088 717
9223372036854775089 716
9223372036854775090 715
9223372036854775091 714
9223372036854775092 713
9223372036854775093 712
9223372036854775094 711
9223372036854775095 710
9223372036854775096 709
9223372036854775097 708
9223372036854775098 707
9223372036854775099 706
9223372036854775100 705
9223372036854775101 704
9223372036854775102 703
9223372036854775103 702
9223372036854775104 701
9223372036854775105 700
9223372036854775106 699
9223372036854775107 698
9223372036854775108 697
9223372036854775109 696
9223372036854775110 695
9223372036854775111 694
9223372036854775112 693
9223372036854775113 692
9223372036854775114 691
9223372036854775115 690
9223372036854775116 689
9223372036854775117 688
9223372036854775118 687
9223372036854775119 686
9223372036854775120 685
9223372036854775121 684
9223372036854775122 683
9223372036854775123 682
9223372036854775124 681
9223372036854775125 680
9223372036854775126 679
9223372036854775127 678
9223372036854775128 677
9223372036854775129 676
9223372036854775130 675
9223372036854775131 674
9223372036854775132 673
9223372036854775133 672
9223372036854775134 671
9223372036854775135 670
9223372036854775136 669
9223372036854775137 668
9223372036854775138 667
9223372036854775139 666
9223372036854775140 665
9223372036854775141 664
9223372036854775142 663
9223372036854775143 662
9223372036854775144 661
9223372036854775145 660
9223372036854775146 659
9223372036854775147 658
9223372036854775148 657
9223372036854775149 656
9223372036854775150 655
9223372036854775151 654
9223372036854775152 653
9223372036854775153 652
9223372036854775154 651
9223372036854775155 650
9223372036854775156 649
9223372036854775157 648
9223372036854775158 647
9223372036854775159 646
9223372036854775160 645
9223372036854775161 644
9223372036854775162 643
9223372036854775163 642
9223372036854775164 641
9223372036854775165 640
9223372036854775166 639
9223372036854775167 638
9223372036854775168 637
9223372036854775169 636
9223372036854775170 635
9223372036854775171 634
9223372036854775172 633
9223372036854775173 632
9223372036854775174 631
9223372036854775175 630
9223372036854775176 629
9223372036854775177 628
9223372036854775178 627
9223372036854775179 626
9223372036854775180 625
9223372036854775181 624
9223372036854775182 623
9223372036854775183 622
9223372036854775184 621
9223372036854775185 620
9223372036854775186 619
9223372036854775187 618
9223372036854775188 617
9223372036854775189 616
9223372036854775190 615
9223372036854775191 614
9223372036854775192 613
9223372036854775193 612
9223372036854775194 611
9223372036854775195 610
9223372036854775196 609
9223372036854775197 608
9223372036854775198 607
9223372036854775199 606
9223372036854775200 605
9223372036854775201 604
9223372036854775202 603
9223372036854775203 602
9223372036854775204 601
9223372036854775205 600
9223372036854775206 599
9223372036854775207 598
9223372036854775208 597
9223372036854775209 596
9223372036854775210 595
9223372036854775211 594
9223372036854775212 593
9223372036854775213 592
9223372036854775214 591
9223372036854775215 590
9223372036854775216 589
9223372036854775217 588
9223372036854775218 587
9223372036854775219 586
9223372036854775220 585
9223372036854775221 584
9223372036854775222 583
9223372036854775223 582
9223372036854775224 581
9223372036854775225 580
9223372036854775226 579
9223372036854775227 578
9223372036854775228 577
9223372036854775229 576
9223372036854775230 575
9223372036854775231 574
9223372036854775232 573
9223372036854775233 572
9223372036854775234 571
9223372036854775235 570
9223372036854775236 569
9223372036854775237 568
9223372036854775238 567
9223372036854775239 566
9223372036854775240 565
9223372036854775241 564
9223372036854775242 563
9223372036854775243 562
9223372036854775244 561
9223372036854775245 560
9223372036854775246 559
9223372036854775247 558
9223372036854775248 557
9223372036854775249 556
9223372036854775250 555
9223372036854775251 554
9223372036854775252 553
9223372036854775253 552
9223372036854775254 551
9223372036854775255 550
9223372036854775256 549
9223372036854775257 548
9223372036854775258 547
9223372036854775259 546
9223372036854775260 545
9223372036854775261 544
9223372036854775262 543
9223372036854775263 542
9223372036854775264 541
9223372036854775265 540
9223372036854775266 539
9223372036854775267 538
9223372036854775268 537
9223372036854775269 536
9223372036854775270 535
9223372036854775271 534
9223372036854775272 533
9223372036854775273 532
9223372036854775274 531
9223372036854775275 530
9223372036854775276 529
9223372036854775277 528
9223372036854775278 527
9223372036854775279 526
9223372036854775280 525
9223372036854775281 524
9223372036854775282 523
9223372036854775283 522
9223372036854775284 521
9223372036854775285 520
9223372036854775286 519
9223372036854775287 518
9223372036854775288 517
9223372036854775289 516
9223372036854775290 515
9223372036854775291 514
9223372036854775292 513
9223372036854775293 512
9223372036854775294 511
9223372036854775295 510
9223372036854775296 509
9223372036854775297 508
9223372036854775298 507
9223372036854775299 506
9223372036854775300 505
9223372036854775301 504
9223372036854775302 503
9223372036854775303 502
9223372036854775304 501
9223372036854775305 500
9223372036854775306 499
9223372036854775307 498
9223372036854775308 497
9223372036854775309 496
9223372036854775310 495
9223372036854775311 494
9223372036854775312 493
9223372036854775313 492
9223372036854775314 491
9223372036854775315 490
9223372036854775316 489
9223372036854775317 488
9223372036854775318 487
9223372036854775319 486
9223372036854775320 485
9223372036854775321 484
9223372036854775322 483
9223372036854775323 482
9223372036854775324 481
9223372036854775325 480
9223372036854775326 479
9223372036854775327 478
9223372036854775328 477
9223372036854775329 476
9223372036854775330 475
9223372036854775331 474
9223372036854775332 473
9223372036854775333 472
9223372036854775334 471
9223372036854775335 470
9223372036854775336 469
9223372036854775337 468
9223372036854775338 467
9223372036854775339 466
9223372036854775340 465
9223372036854775341 464
9223372036854775342 463
9223372036854775343 462
9223372036854775344 461
9223372036854775345 460
9223372036854775346 459
9223372036854775347 458
9223372036854775348 457
9223372036854775349 456
9223372036854775350 455
9223372036854775351 454
9223372036854775352 453
9223372036854775353 452
9223372036854775354 451
9223372036854775355 450
9223372036854775356 449
9223372036854775357 448
9223372036854775358 447
9223372036854775359 446
9223372036854775360 445
9223372036854775361 444
9223372036854775362 443
9223372036854775363 442
9223372036854775364 441
9223372036854775365 440
9223372036854775366 439
9223372036854775367 438
9223372036854775368 437
9223372036854775369 436
9223372036854775370 435
9223372036854775371 434
9223372036854775372 433
9223372036854775373 432
9223372036854775374 431
9223372036854775375 430
9223372036854775376 429
9223372036854775377 428
9223372036854775378 427
9223372036854775379 426
9223372036854775380 425
9223372036854775381 424
9223372036854775382 423
9223372036854775383 422
9223372036854775384 421
9223372036854775385 420
9223372036854775386 419
9223372036854775387 418
9223372036854775388 417
9223372036854775389 416
9223372036854775390 415
9223372036854775391 414
9223372036854775392 413
9223372036854775393 412
9223372036854775394 411
9223372036854775395 410
9223372036854775396 409
9223372036854775397 408
9223372036854775398 407
9223372036854775399 406
9223372036854775400 405
9223372036854775401 404
9223372036854775402 403
9223372036854775403 402
9223372036854775404 401
9223372036854775405 400
9223372036854775406 399
9223372036854775407 398
9223372036854775408 397
9223372036854775409 396
9223372036854775410 395
9223372036854775411 394
9223372036854775412 393
9223372036854775413 392
9223372036854775414 391
9223372036854775415 390
9223372036854775416 389
9223372036854775417 388
9223372036854775418 387
9223372036854775419 386
9223372036854775420 385
9223372036854775421 384
9223372036854775422 383
9223372036854775423 382
9223372036854775424 381
9223372036854775425 380
9223372036854775426 379
9223372036854775427 378
9223372036854775428 377
9223372036854775429 376
9223372036854775430 375
9223372036854775431 374
9223372036854775432 373
9223372036854775433 372
9223372036854775434 371
9223372036854775435 370
9223372036854775436 369
9223372036854775437 368
9223372036854775438 367
9223372036854775439 366
9223372036854775440 365
9223372036854775441 364
9223372036854775442 363
9223372036854775443 362
9223372036854775444 361
9223372036854775445 360
9223372036854775446 359
9223372036854775447 358
9223372036854775448 357
9223372036854775449 356
9223372036854775450 355
9223372036854775451 354
9223372036854775452 353
9223372036854775453 352
9223372036854775454 351
9223372036854775455 350
9223372036854775456 349
9223372036854775457 348
9223372036854775458 347
9223372036854775459 346
9223372036854775460 345
9223372036854775461 344
9223372036854775462 343
9223372036854775463 342
9223372036854775464 341
9223372036854775465 340
9223372036854775466 339
9223372036854775467 338
9223372036854775468 337
9223372036854775469 336
9223372036854775470 335
9223372036854775471 334
9223372036854775472 333
9223372036854775473 332
9223372036854775474 331
9223372036854775475 330
9223372036854775476 329
9223372036854775477 328
9223372036854775478 327
9223372036854775479 326
9223372036854775480 325
9223372036854775481 324
9223372036854775482 323
9223372036854775483 322
9223372036854775484 321
9223372036854775485 320
9223372036854775486 319
9223372036854775487 318
9223372036854775488 317
9223372036854775489 316
9223372036854775490 315
9223372036854775491 314
9223372036854775492 313
9223372036854775493 312
9223372036854775494 311
9223372036854775495 310
9223372036854775496 309
9223372036854775497 308
9223372036854775498 307
9223372036854775499 306
9223372036854775500 305
9223372036854775501 304
9223372036854775502 303
9223372036854775503 302
9223372036854775504 301
9223372036854775505 300
9223372036854775506 299
9223372036854775507 298
9223372036854775508 297
9223372036854775509 296
9223372036854775510 295
9223372036854775511 294
9223372036854775512 293
9223372036854775513 292
9223372036854775514 291
9223372036854775515 290
9223372036854775516 289
9223372036854775517 288
9223372036854775518 287
9223372036854775519 286
9223372036854775520 285
9223372036854775521 284
9223372036854775522 283
9223372036854775523 282
9223372036854775524 281
9223372036854775525 280
9223372036854775526 279
9223372036854775527 278
9223372036854775528 277
9223372036854775529 276
9223372036854775530 275
9223372036854775531 274
9223372036854775532 273
9223372036854775533 272
9223372036854775534 271
9223372036854775535 270
9223372036854775536 269
9223372036854775537 268
9223372036854775538 267
9223372036854775539 266
9223372036854775540 265
9223372036854775541 264
9223372036854775542 263
9223372036854775543 262
9223372036854775544 261
9223372036854775545 260
9223372036854775546 259
9223372036854775547 258
9223372036854775548 257
9223372036854775549 256
9223372036854775550 255
9223372036854775551 254
9223372036854775552 253
9223372036854775553 252
9223372036854775554 251
9223372036854775555 250
9223372036854775556 249
9223372036854775557 248
9223372036854775558 247
9223372036854775559 246
9223372036854775560 245
9223372036854775561 244
9223372036854775562 243
9223372036854775563 242
9223372036854775564 241
9223372036854775565 240
9223372036854775566 239
9223372036854775567 238
9223372036854775568 237
9223372036854775569 236
9223372036854775570 235
9223372036854775571 234
9223372036854775572 233
9223372036854775573 232
9223372036854775574 231
9223372036854775575 230
9223372036854775576 229
9223372036854775577 228
9223372036854775578 227
9223372036854775579 226
9223372036854775580 225
9223372036854775581 224
9223372036854775582 223
9223372036854775583 222
9223372036854775584 221
9223372036854775585 220
9223372036854775586 219
9223372036854775587 218
9223372036854775588 217
9223372036854775589 216
9223372036854775590 215
9223372036854775591 214
9223372036854775592 213
9223372036854775593 212
9223372036854775594 211
9223372036854775595 210
9223372036854775596 209
9223372036854775597 208
9223372036854775598 207
9223372036854775599 206
9223372036854775600 205
9223372036854775601 204
9223372036854775602 203
9223372036854775603 202
9223372036854775604 201
9223372036854775605 200
9223372036854775606 199
9223372036854775607 198
9223372036854775608 197
9223372036854775609 196
9223372036854775610 195
9223372036854775611 194
9223372036854775612 193
9223372036854775613 192
9223372036854775614 191
9223372036854775615 190
9223372036854775616 189
9223372036854775617 188
9223372036854775618 187
9223372036854775619 186
9223372036854775620 185
9223372036854775621 184
9223372036854775622 183
9223372036854775623 182
9223372036854775624 181
9223372036854775625 180
9223372036854775626 179
9223372036854775627 178
9223372036854775628 177
9223372036854775629 176
9223372036854775630 175
9223372036854775631 174
9223372036854775632 173
9223372036854775633 172
9223372036854775634 171
9223372036854775635 170
9223372036854775636 169
9223372036854775637 168
9223372036854775638 167
9223372036854775639 166
9223372036854775640 165
9223372036854775641 164
9223372036854775642 163
9223372036854775643 162
9223372036854775644 161
9223372036854775645 160
9223372036854775646 159
9223372036854775647 158
9223372036854775648 157
9223372036854775649 156
9223372036854775650 155
9223372036854775651 154
9223372036854775652 153
9223372036854775653 152
9223372036854775654 151
9223372036854775655 150
9223372036854775656 149
9223372036854775657 148
9223372036854775658 147
9223372036854775659 146
9223372036854775660 145
9223372036854775661 144
9223372036854775662 143
9223372036854775663 142
9223372036854775664 141
9223372036854775665 140
9223372036854775666 139
9223372036854775667 138
9223372036854775668 137
9223372036854775669 136
9223372036854775670 135
9223372036854775671 134
9223372036854775672 133
9223372036854775673 132
9223372036854775674 131
9223372036854775675 130
9223372036854775676 129
9223372036854775677 128
9223372036854775678 127
9223372036854775679 126
9223372036854775680 125
9223372036854775681 124
9223372036854775682 123
9223372036854775683 122
9223372036854775684 121
9223372036854775685 120
9223372036854775686 119
9223372036854775687 118
9223372036854775688 117
9223372036854775689 116
9223372036854775690 115
9223372036854775691 114
9223372036854775692 113
9223372036854775693 112
9223372036854775694 111
9223372036854775695 110
9223372036854775696 109
9223372036854775697 108
9223372036854775698 107
9223372036854775699 106
9223372036854775700 105
9223372036854775701 104
9223372036854775702 103
9223372036854775703 102
9223372036854775704 101
9223372036854775705 100
9223372036854775706 99
9223372036854775707 98
9223372036854775708 97
9223372036854775709 96
9223372036854775710 95
9223372036854775711 94
9223372036854775712 93
9223372036854775713 92
9223372036854775714 91
9223372036854775715 90
9223372036854775716 89
9223372036854775717 88
9223372036854775718 87
9223372036854775719 86
9223372036854775720 85
9223372036854775721 84
9223372036854775722 83
9223372036854775723 82
9223372036854775724 81
9223372036854775725 80
9223372036854775726 79
9223372036854775727 78
9223372036854775728 77
9223372036854775729 76
9223372036854775730 75
9223372036854775731 74
9223372036854775732 73
9223372036854775733 72
9223372036854775734 71
9223372036854775735 70
9223372036854775736 69
9223372036854775737 68
9223372036854775738 67
9223372036854775739 66
9223372036854775740 65
9223372036854775741 64
9223372036854775742 63
9223372036854775743 62
9223372036854775744 61
9223372036854775745 60
9223372036854775746 59
9223372036854775747 58
9223372036854775748 57
9223372036854775749 56
9223372036854775750 55
9223372036854775751 54
9223372036854775752 53
9223372036854775753 52
9223372036854775754 51
9223372036854775755 50
9223372036854775756 49
9223372036854775757 48
9223372036854775758 47
9223372036854775759 46
9223372036854775760 45
9223372036854775761 44
9223372036854775762 43
9223372036854775763 42
9223372036854775764 41
9223372036854775765 40
9223372036854775766 39
9223372036854775767 38
9223372036854775768 37
9223372036854775769 36
9223372036854775770 35
9223372036854775771 34
9223372036854775772 33
9223372036854775773 32
9223372036854775774 31
9223372036854775775 30
9223372036854775776 29
9223372036854775777 28
9223372036854775778 27
9223372036854775779 26
9223372036854775780 25
9223372036854775781 24
9223372036854775782 23
9223372036854775783 22
9223372036854775784 21
9223372036854775785 20
9223372036854775786 19
9223372036854775787 18
9223372036854775788 17
9223372036854775789 16
9223372036854775790 15
9223372036854775791 14
9223372036854775792 13
9223372036854775793 12
9223372036854775794 11
9223372036854775795 10
9223372036854775796 9
9223372036854775797 8
9223372036854775798 7
9223372036854775799 6
9223372036854775800 5
9223372036854775801 4
9223372036854775802 3
9223372036854775803 2
9223372036854775804 0
